,treat,age,education*,black,hispanic,married,nodegree,re74,re75,propensity_score,propensity_logit,re78
0,1.0,37,11,1.0,0.0,1.0,1.0,0,0,0.5885969428580252,0.358168233604054,9930
1,1.0,22,9,0.0,1.0,0.0,1.0,0,0,0.8221974930855346,1.5313072028148784,3595
2,1.0,30,12,1.0,0.0,0.0,0.0,0,0,0.7555554239676257,1.1284645393431663,24909
3,1.0,27,11,1.0,0.0,0.0,1.0,0,0,0.8940118329982587,2.1323915552801673,7506
4,1.0,33,8,1.0,0.0,0.0,1.0,0,0,0.847651666811478,1.7163002164339818,289
5,1.0,22,9,1.0,0.0,0.0,1.0,0,0,0.8686036695049502,1.8886687652685294,4056
6,1.0,23,12,1.0,0.0,0.0,0.0,0,0,0.7836004865914437,1.286773008643706,0
7,1.0,32,11,1.0,0.0,0.0,1.0,0,0,0.8685482061323825,1.8881828913362333,8472
8,1.0,33,12,0.0,0.0,1.0,0.0,0,0,0.07359459567152649,-2.5327403458267814,12418
9,1.0,19,9,1.0,0.0,0.0,1.0,0,0,0.9130275288912852,2.3511743877224998,8173
10,1.0,21,13,1.0,0.0,0.0,0.0,0,0,0.8096251010618122,1.4475760219698788,17094
11,1.0,18,8,1.0,0.0,0.0,1.0,0,0,0.9371505579227443,2.7021018922002304,0
12,1.0,27,10,1.0,0.0,1.0,1.0,0,0,0.732396576007439,1.0068160143974654,18739
13,1.0,19,10,1.0,0.0,0.0,1.0,0,0,0.9172608669627675,2.4056992276738005,3228
14,1.0,27,13,1.0,0.0,0.0,0.0,0,0,0.7984322220803654,1.3765243908250555,14581
15,1.0,23,10,1.0,0.0,0.0,1.0,0,0,0.8641066000500298,1.8498253863927356,7693
16,1.0,40,12,1.0,0.0,0.0,0.0,0,0,0.7787988510595429,1.2586803344670017,10804
17,1.0,26,12,1.0,0.0,0.0,0.0,0,0,0.7679842831331354,1.1969641537803624,10747
18,1.0,23,11,1.0,0.0,0.0,1.0,0,0,0.8336259723033497,1.6115463946565665,0
19,1.0,41,14,0.0,0.0,0.0,0.0,0,0,0.37433860826394805,-0.5136485594825285,5149
20,1.0,38,9,0.0,0.0,0.0,1.0,0,0,0.6303033166367459,0.5335182637569414,6408
21,1.0,24,11,1.0,0.0,0.0,1.0,0,0,0.8773844716504067,1.9678916163094562,1991
22,1.0,18,10,1.0,0.0,0.0,1.0,0,0,0.9418266807826126,2.7843944500373072,11163
23,1.0,29,11,1.0,0.0,1.0,1.0,0,0,0.7766451326302732,1.246221691152973,9642
24,1.0,25,11,1.0,0.0,0.0,1.0,0,0,0.8867000061444368,2.0574675995131266,9897
25,1.0,27,10,0.0,1.0,0.0,1.0,0,0,0.8334330635788297,1.6101561421426827,11142
26,1.0,17,10,1.0,0.0,0.0,1.0,0,0,0.9436690414972946,2.8185312444300297,16218
27,1.0,24,11,1.0,0.0,0.0,1.0,0,0,0.8773844716504067,1.9678916163094562,995
28,1.0,17,10,1.0,0.0,0.0,1.0,0,0,0.9436690414972946,2.8185312444300297,0
29,1.0,25,11,1.0,0.0,1.0,1.0,0,0,0.8191936065674648,1.510893640533239,1574
30,1.0,20,12,1.0,0.0,0.0,0.0,0,0,0.8344646178474204,1.6176053815698557,0
31,1.0,25,12,1.0,0.0,0.0,0.0,0,0,0.8016314731482485,1.3965224450221863,3191
32,1.0,42,14,1.0,0.0,0.0,0.0,0,0,0.7694835338986893,1.2053972582742905,20505
33,1.0,23,12,1.0,0.0,1.0,0.0,0,0,0.4740938817908909,-0.1037173493824258,5911
34,1.0,46,8,1.0,0.0,1.0,1.0,0,0,0.2976557109948271,-0.8584862376151349,3094
35,1.0,24,10,1.0,0.0,0.0,1.0,0,0,0.8977673550361842,2.172659915510451,0
36,1.0,21,12,1.0,0.0,0.0,0.0,0,0,0.8079133124393346,1.4365079983353386,1254
37,1.0,19,9,0.0,0.0,0.0,1.0,0,0,0.7632956876900505,1.1708337544114567,13188
38,1.0,17,8,1.0,0.0,0.0,1.0,0,0,0.9387529186374263,2.7296361150751474,8061
39,1.0,18,8,0.0,1.0,1.0,1.0,0,0,0.4216939853447509,-0.31582326791604665,2787
40,1.0,20,11,1.0,0.0,0.0,1.0,0,0,0.8783232697606232,1.976646938873686,3972
41,1.0,25,11,1.0,0.0,1.0,1.0,0,0,0.8191936065674648,1.510893640533239,0
42,1.0,17,8,1.0,0.0,0.0,1.0,0,0,0.9387529186374263,2.7296361150751474,0
43,1.0,17,9,1.0,0.0,0.0,1.0,0,0,0.9405245549664285,2.7608742179566805,0
44,1.0,23,12,1.0,0.0,0.0,0.0,0,0,0.7836004865914437,1.286773008643706,4843
45,1.0,28,8,1.0,0.0,0.0,1.0,0,0,0.8943051365397235,2.13549073673924,0
46,1.0,31,11,1.0,0.0,1.0,1.0,0,0,0.7241542970960202,0.9651628252728285,8087
47,1.0,18,11,1.0,0.0,0.0,1.0,0,0,0.9145794123951256,2.370877156617779,0
48,1.0,25,12,1.0,0.0,0.0,0.0,0,0,0.8016314731482485,1.3965224450221863,2348
49,1.0,30,11,1.0,0.0,1.0,1.0,0,0,0.7611626906035251,1.159064513981642,590
50,1.0,17,10,1.0,0.0,0.0,1.0,0,0,0.9436690414972946,2.8185312444300297,0
51,1.0,37,9,1.0,0.0,0.0,1.0,0,0,0.8518757583099971,1.749389300132302,1067
52,1.0,42,14,1.0,0.0,1.0,0.0,0,0,0.36675821737922737,-0.5461494895667672,13167
53,1.0,22,11,0.0,0.0,0.0,1.0,0,0,0.6896737287845294,0.7985943971311673,1048
54,1.0,17,8,1.0,0.0,0.0,1.0,0,0,0.9387529186374263,2.7296361150751474,0
55,1.0,29,8,1.0,0.0,0.0,1.0,0,0,0.8920156037724236,2.111496888133644,1923
56,1.0,35,10,1.0,0.0,0.0,1.0,0,0,0.8549078227452791,1.773624407819652,4666
57,1.0,27,11,1.0,0.0,0.0,1.0,0,0,0.8940118329982587,2.1323915552801673,549
58,1.0,28,9,1.0,0.0,0.0,1.0,0,0,0.8965407788222597,2.159366241920909,10694
59,1.0,27,11,1.0,0.0,0.0,1.0,0,0,0.8940118329982587,2.1323915552801673,0
60,1.0,29,13,1.0,0.0,0.0,0.0,0,0,0.7812801290931307,1.2731419827917043,7479
61,1.0,27,9,1.0,0.0,0.0,1.0,0,0,0.9005620745329519,2.203485510819919,0
62,1.0,46,13,1.0,0.0,0.0,0.0,0,0,0.7299401833011663,0.9943191123114926,647
63,1.0,25,12,1.0,0.0,0.0,0.0,0,0,0.8016314731482485,1.3965224450221863,11965
64,1.0,25,11,0.0,0.0,0.0,1.0,0,0,0.728019558923992,0.984597758587906,18783
65,1.0,22,12,1.0,0.0,0.0,0.0,0,0,0.8040713853717505,1.4119376712041807,18678
66,1.0,21,9,1.0,0.0,0.0,1.0,0,0,0.8716055742779713,1.9152300215706834,0
67,1.0,40,11,1.0,0.0,0.0,1.0,0,0,0.8216054149600845,1.5272623825725113,23005
68,1.0,22,11,1.0,0.0,0.0,1.0,0,0,0.847241508561345,1.7131276011441396,6456
69,1.0,25,12,1.0,0.0,0.0,0.0,0,0,0.8016314731482485,1.3965224450221863,0
70,1.0,18,12,1.0,0.0,0.0,0.0,0,0,0.8641592005370832,1.8502734038377382,2321
71,1.0,38,12,0.0,0.0,0.0,0.0,0,0,0.4500096049270941,-0.20063188775120963,4941
72,1.0,27,13,1.0,0.0,0.0,0.0,0,0,0.7984322220803654,1.3765243908250555,0
73,1.0,27,8,1.0,0.0,0.0,1.0,0,0,0.8976026257290685,2.1708663896504214,0
74,1.0,38,11,1.0,0.0,0.0,1.0,0,0,0.8402529398254454,1.660111274924878,0
75,1.0,23,8,0.0,1.0,0.0,1.0,0,0,0.8062743140571567,1.4259808561746041,3881
76,1.0,26,11,1.0,0.0,0.0,1.0,0,0,0.889814040268113,2.0888430159252995,17230
77,1.0,21,12,0.0,0.0,0.0,0.0,0,0,0.4501494208029772,-0.2000669932511133,8048
78,1.0,25,8,1.0,0.0,0.0,1.0,0,0,0.8912722899405721,2.103803297176934,0
79,1.0,31,11,1.0,0.0,1.0,1.0,0,0,0.7241542970960202,0.9651628252728285,14509
80,1.0,17,10,1.0,0.0,0.0,1.0,0,0,0.9436690414972946,2.8185312444300297,0
81,1.0,25,11,1.0,0.0,0.0,1.0,0,0,0.8867000061444368,2.0574675995131266,0
82,1.0,21,12,1.0,0.0,0.0,0.0,0,0,0.8079133124393346,1.4365079983353386,9983
83,1.0,44,11,1.0,0.0,0.0,1.0,0,0,0.7527002841565977,1.1130660940660888,0
84,1.0,25,12,0.0,0.0,0.0,0.0,0,0,0.48813489975865054,-0.04746931264848141,5587
85,1.0,18,9,1.0,0.0,0.0,1.0,0,0,0.9389221942517463,2.732584060074605,4482
86,1.0,42,12,1.0,0.0,0.0,0.0,0,0,0.7767666942939525,1.246922602047008,2456
87,1.0,25,10,1.0,0.0,0.0,1.0,0,0,0.9029995561968809,2.2310065081577384,0
88,1.0,31,9,0.0,1.0,0.0,1.0,0,0,0.7782844561436671,1.2556968559357358,26817
89,1.0,24,10,1.0,0.0,0.0,1.0,0,0,0.8977673550361842,2.172659915510451,0
90,1.0,26,10,1.0,0.0,0.0,1.0,0,0,0.9052297183028505,2.2567328679615315,9265
91,1.0,25,11,1.0,0.0,0.0,1.0,0,0,0.8867000061444368,2.0574675995131266,485
92,1.0,18,11,1.0,0.0,0.0,1.0,0,0,0.9145794123951256,2.370877156617779,4814
93,1.0,19,11,1.0,0.0,0.0,1.0,0,0,0.8829349214698043,2.020521489353358,7458
94,1.0,43,9,1.0,0.0,0.0,1.0,0,0,0.7401435961842304,1.0467150308414812,0
95,1.0,17,9,1.0,0.0,0.0,1.0,0,0,0.9405245549664285,2.7608742179566805,1953
96,1.0,30,11,1.0,0.0,0.0,1.0,0,0,0.8816233121364032,2.007893071015,0
97,1.0,26,10,1.0,0.0,1.0,1.0,2027,0,0.37890877366217945,-0.4941825000891613,0
98,1.0,20,9,1.0,0.0,0.0,1.0,6083,0,0.5643994175118929,0.25903645966313854,8881
99,1.0,17,9,0.0,1.0,0.0,1.0,445,74,0.8805976505559028,1.9981019474631982,6210
100,1.0,20,12,1.0,0.0,0.0,0.0,989,165,0.7193782026893665,0.9413793857806695,0
101,1.0,18,11,1.0,0.0,0.0,1.0,858,214,0.8723082068182336,1.921523315065417,929
102,1.0,27,12,1.0,0.0,1.0,0.0,3670,334,0.3623082186783015,-0.5653597828616198,0
103,1.0,21,12,0.0,0.0,0.0,0.0,3670,334,0.48341174103473794,-0.06637739646721755,12558
104,1.0,27,12,1.0,0.0,0.0,0.0,2143,357,0.5797744722031161,0.32184764878801203,22163
105,1.0,20,12,1.0,0.0,0.0,0.0,0,377,0.8525054620826976,1.7543884722472043,1652
106,1.0,19,10,1.0,0.0,0.0,1.0,0,385,0.9253157860372626,2.516866325556273,8124
107,1.0,23,12,1.0,0.0,0.0,0.0,5506,501,0.6683561789161742,0.7007596684415326,671
108,1.0,29,14,1.0,0.0,0.0,0.0,0,679,0.6745562561762076,0.7288654597567149,17814
109,1.0,18,10,1.0,0.0,0.0,1.0,0,798,0.9467647231300581,2.8783293422405967,9737
110,1.0,19,9,1.0,0.0,0.0,1.0,0,798,0.918005557650786,2.4155519759497444,17685
111,1.0,27,13,0.0,0.0,1.0,0.0,9381,853,0.21663841971110134,-1.2853646826047809,0
112,1.0,18,11,0.0,0.0,0.0,1.0,3678,919,0.49278675322172366,-0.02885498902673395,4321
113,1.0,27,9,1.0,0.0,1.0,1.0,0,934,0.8310968583929177,1.5934209204548382,1773
114,1.0,22,12,1.0,0.0,0.0,0.0,5605,936,0.6789697945819659,0.7490414248388746,0
115,1.0,23,10,1.0,0.0,1.0,1.0,0,936,0.84155156111719,1.669818050959729,11233
116,1.0,23,12,0.0,1.0,0.0,0.0,9385,1117,0.5317065206956446,0.1269964923895433,559
117,1.0,20,11,1.0,0.0,0.0,1.0,3637,1220,0.6856954181302783,0.7800710105244271,1085
118,1.0,17,9,1.0,0.0,0.0,1.0,1716,1253,0.7676439502459314,1.1950551267605112,5445
119,1.0,26,11,1.0,0.0,1.0,1.0,0,1392,0.8928812146409619,2.120515191458936,1460
120,1.0,20,11,1.0,0.0,0.0,1.0,16318,1484,0.6465692143067876,0.6039925835318551,6943
121,1.0,24,11,1.0,0.0,1.0,1.0,824,1666,0.8171301207010118,1.4970234907932782,4032
122,1.0,31,9,1.0,0.0,0.0,1.0,0,1698,0.8737942723761072,1.934931627280905,10363
123,1.0,23,8,0.0,0.0,1.0,1.0,0,1713,0.5225602807082479,0.09030243733032171,4232
124,1.0,18,10,1.0,0.0,0.0,1.0,2143,1784,0.7844508786719173,1.2917951306236581,11141
125,1.0,29,12,1.0,0.0,0.0,0.0,10881,1817,0.5431575457701397,0.17306082503658166,0
126,1.0,26,11,0.0,0.0,0.0,1.0,0,2226,0.7386054246236947,1.0387327980789,13385
127,1.0,24,9,1.0,0.0,0.0,1.0,9154,2288,0.5456615054466418,0.18315632715062888,4849
128,1.0,25,12,1.0,0.0,0.0,0.0,14426,2409,0.6641523775257799,0.6818540548166215,0
129,1.0,24,10,1.0,0.0,0.0,1.0,4250,2421,0.5471901907652282,0.18932424975585088,1660
130,1.0,46,8,1.0,0.0,0.0,1.0,3165,2594,0.5415749993062648,0.16668485677586692,0
131,1.0,31,12,0.0,0.0,0.0,0.0,0,2611,0.5113661783647251,0.045472547337071,2484
132,1.0,19,11,1.0,0.0,0.0,1.0,2305,2615,0.6549850032317052,0.6410244545634576,4146
133,1.0,19,8,1.0,0.0,0.0,1.0,0,2657,0.8887344760533455,2.0778790613907465,9970
134,1.0,27,11,1.0,0.0,0.0,1.0,2206,2666,0.597292077920601,0.3941946964268238,0
135,1.0,26,11,1.0,0.0,1.0,1.0,0,2754,0.8795097253718359,1.9877955807646055,26372
136,1.0,20,10,1.0,0.0,0.0,1.0,5005,2777,0.6542479697795445,0.6377645958194967,5615
137,1.0,28,10,1.0,0.0,0.0,1.0,0,2836,0.8796133099454584,1.9887734113381235,3196
138,1.0,24,12,1.0,0.0,0.0,0.0,13765,2842,0.6768175976238553,0.7391849321002907,6167
139,1.0,19,8,1.0,0.0,0.0,1.0,2636,2937,0.7096774144956343,0.893817852437776,7535
140,1.0,23,12,1.0,0.0,0.0,0.0,6269,3039,0.6554023438016829,0.642871789840779,8484
141,1.0,42,9,1.0,0.0,1.0,1.0,0,3058,0.6053110221685448,0.4276443553172614,1294
142,1.0,25,13,1.0,0.0,0.0,0.0,12362,3090,0.594680658395718,0.38334929869357814,0
143,1.0,18,9,1.0,0.0,0.0,1.0,0,3287,0.8818016005263509,2.0096025239412487,5010
144,1.0,21,12,1.0,0.0,0.0,0.0,6473,3332,0.5748742233837714,0.3017662048078745,9371
145,1.0,27,10,1.0,0.0,0.0,1.0,1001,3550,0.5053574885674774,0.02143077445601049,0
146,1.0,21,8,1.0,0.0,0.0,1.0,989,3695,0.46363875524627596,-0.14570219387670147,4279
147,1.0,22,9,1.0,0.0,0.0,1.0,2192,3836,0.3692228408537153,-0.5355522785740204,3462
148,1.0,24,10,1.0,0.0,1.0,1.0,11703,4078,0.288120048676049,-0.9045320605402073,0
149,1.0,29,10,1.0,0.0,0.0,1.0,0,4398,0.7474364728719677,1.0849865058712844,0
150,1.0,29,12,1.0,0.0,0.0,0.0,9748,4878,0.2674650551619777,-1.0075221231227427,10976
151,1.0,19,10,0.0,0.0,0.0,1.0,0,5324,0.5264701972427425,0.10597987249038436,13829
152,1.0,19,11,0.0,1.0,1.0,1.0,5424,5463,0.06702041518423676,-2.633386042161144,6788
153,1.0,31,9,1.0,0.0,0.0,1.0,10717,5517,0.13218196574622493,-1.8818025530578246,9558
154,1.0,22,10,1.0,0.0,1.0,1.0,1468,5588,0.5026724943370696,0.010690079150335399,13228
155,1.0,21,9,1.0,0.0,0.0,1.0,6416,5749,0.334996802022345,-0.6856708640557,743
156,1.0,17,10,1.0,0.0,0.0,1.0,1291,5793,0.7376979389220584,1.0340376994077964,5522
157,1.0,26,12,1.0,0.0,1.0,0.0,8408,5794,0.02514764593643448,-3.6575217365733206,1424
158,1.0,20,9,0.0,1.0,0.0,1.0,12260,5875,0.5320638349051936,0.12843158532233068,1358
159,1.0,19,10,1.0,0.0,0.0,1.0,4121,6056,0.3693809914917433,-0.5348732815344257,0
160,1.0,28,11,1.0,0.0,0.0,1.0,1929,6871,0.12619572780879806,-1.9350223087258949,0
161,1.0,22,12,0.0,1.0,1.0,0.0,492,7055,0.4924580591923554,-0.030170051501171753,10092
162,1.0,33,11,1.0,0.0,0.0,1.0,0,7867,0.6858855948562118,0.7809535753298983,6281
163,1.0,22,12,0.0,0.0,0.0,0.0,6759,8455,0.007713724514620196,-4.857010503053223,12590
164,1.0,29,10,0.0,1.0,0.0,1.0,0,8853,0.7427802454256938,1.0604694386924973,5112
165,1.0,33,12,1.0,0.0,1.0,0.0,20279,10941,0.0005246219362417049,-7.552307916630537,15952
166,1.0,35,9,1.0,0.0,1.0,1.0,13602,13830,0.13688548955959717,-1.841402637401778,12803
167,0.0,47,12,0.0,0.0,0.0,0.0,0,0,0.26251840943707794,-1.03291991519237,0
168,0.0,50,12,1.0,0.0,1.0,0.0,0,0,0.16956868004415773,-1.5886871916568714,0
169,0.0,44,12,0.0,0.0,0.0,0.0,0,0,0.322539386862971,-0.7421261568865644,0
170,0.0,28,12,1.0,0.0,1.0,0.0,0,0,0.30919147441642625,-0.8039019445110787,0
171,0.0,54,12,0.0,0.0,1.0,0.0,0,0,0.02126645285890607,-3.8291285891151237,0
172,0.0,55,12,0.0,1.0,1.0,0.0,0,0,0.03886905535198593,-3.2079122166110547,0
173,0.0,47,12,0.0,0.0,1.0,0.0,0,0,0.021816373897442575,-3.8030366250853977,0
174,0.0,25,12,1.0,0.0,0.0,0.0,0,0,0.8016314731482485,1.3965224450221863,0
175,0.0,44,12,0.0,0.0,1.0,0.0,0,0,0.023371695666672247,-3.732580430403345,0
176,0.0,50,12,1.0,0.0,1.0,0.0,0,0,0.16956868004415773,-1.5886871916568714,0
177,0.0,23,12,1.0,0.0,0.0,0.0,0,0,0.7836004865914437,1.286773008643706,4728
178,0.0,49,14,0.0,0.0,1.0,0.0,0,0,0.017555676005218346,-4.0246663577240005,0
179,0.0,55,14,0.0,0.0,1.0,0.0,0,0,0.017555676005218346,-4.0246663577240005,0
180,0.0,34,14,1.0,0.0,1.0,0.0,0,0,0.26179562227773606,-1.0366565891363955,0
181,0.0,34,16,0.0,0.0,1.0,0.0,0,0,0.01890955549612522,-3.948997275440096,11821
182,0.0,55,13,0.0,1.0,1.0,0.0,0,0,0.025821593951249916,-3.630383338583037,0
183,0.0,52,12,0.0,0.0,1.0,0.0,0,0,0.02126645285890607,-3.8291285891151237,0
184,0.0,52,15,0.0,0.0,1.0,0.0,0,0,0.01090508249633124,-4.507561335600996,0
185,0.0,30,16,0.0,0.0,1.0,0.0,0,0,0.028267893954649723,-3.537353484014123,0
186,0.0,21,12,0.0,0.0,0.0,0.0,0,0,0.4501494208029772,-0.2000669932511133,0
187,0.0,30,17,0.0,0.0,0.0,0.0,0,0,0.1654662576877086,-1.6181058834618498,0
188,0.0,44,12,0.0,0.0,1.0,0.0,0,0,0.023371695666672247,-3.732580430403345,0
189,0.0,46,12,0.0,0.0,0.0,0.0,0,0,0.2837415242720434,-0.9259774034934241,0
190,0.0,53,17,0.0,0.0,1.0,0.0,0,0,0.010492578633935525,-4.546539054634953,0
191,0.0,26,16,0.0,0.0,0.0,0.0,0,0,0.1519175960243466,-1.7196395631492256,9014
192,0.0,49,12,0.0,0.0,1.0,0.0,0,0,0.02126645285890607,-3.8291285891151237,13299
193,0.0,39,15,0.0,0.0,1.0,0.0,0,0,0.017790112257616862,-4.0111622086777245,1921
194,0.0,26,17,0.0,0.0,1.0,0.0,0,0,0.031030033998916608,-3.4412780424328933,11821
195,0.0,32,16,0.0,0.0,1.0,0.0,0,0,0.0270953606334912,-3.5809235516713436,0
196,0.0,34,12,0.0,0.0,1.0,0.0,0,0,0.03504330653838006,-3.315498596794207,0
197,0.0,31,14,0.0,0.0,1.0,0.0,0,0,0.03752537211296928,-3.2444904113057023,0
198,0.0,39,17,0.0,1.0,1.0,0.0,0,0,0.023414216350429354,-3.730719220306455,8866
199,0.0,40,17,0.0,0.0,1.0,0.0,0,0,0.01853917898837069,-3.969155819560611,0
200,0.0,31,12,0.0,0.0,1.0,0.0,0,0,0.061045084142839344,-2.7331547896300896,0
201,0.0,27,13,0.0,0.0,1.0,0.0,0,0,0.062226289291564804,-2.7127311054507923,28076
202,0.0,48,12,0.0,0.0,1.0,0.0,0,0,0.02126645285890607,-3.8291285891151237,0
203,0.0,41,13,0.0,0.0,1.0,0.0,0,0,0.02921531364370328,-3.503411687819604,0
204,0.0,26,14,0.0,0.0,0.0,0.0,0,0,0.25698742345954595,-1.0616858235349298,0
205,0.0,50,17,0.0,0.0,0.0,0.0,0,0,0.10694201035578507,-2.1223647885223986,0
206,0.0,48,12,0.0,0.0,1.0,0.0,0,0,0.02126645285890607,-3.8291285891151237,12930
207,0.0,45,16,0.0,0.0,1.0,0.0,0,0,0.012458286557980761,-4.372832748851062,0
208,0.0,37,13,0.0,0.0,1.0,0.0,0,0,0.02780689369511427,-3.554270489165948,0
209,0.0,33,12,0.0,0.0,1.0,0.0,0,0,0.07359459567152649,-2.5327403458267814,0
210,0.0,31,12,0.0,0.0,1.0,0.0,0,0,0.061045084142839344,-2.7331547896300896,0
211,0.0,36,12,1.0,0.0,1.0,0.0,0,0,0.24661931551633176,-1.1167247421525355,17732
212,0.0,44,13,0.0,0.0,1.0,0.0,0,0,0.019510234817026958,-3.9171130169275314,0
213,0.0,28,17,0.0,0.0,1.0,0.0,0,0,0.0309994980061765,-3.442294118939226,0
214,0.0,30,17,0.0,0.0,1.0,0.0,0,0,0.028267893954649723,-3.537353484014123,0
215,0.0,42,16,0.0,0.0,1.0,0.0,0,0,0.020325868780861955,-3.8753255982375077,0
216,0.0,30,12,0.0,0.0,1.0,0.0,0,0,0.06152478236127538,-2.7248163904582103,0
217,0.0,27,16,0.0,0.0,1.0,0.0,0,0,0.03068362188389984,-3.4528620350917754,0
218,0.0,37,12,0.0,0.0,1.0,0.0,0,0,0.034449658011804704,-3.333199171034718,0
219,0.0,37,12,0.0,0.0,1.0,0.0,0,0,0.034449658011804704,-3.333199171034718,0
220,0.0,45,12,0.0,0.0,1.0,0.0,0,0,0.023232160782951313,-3.7387114382478006,22165
221,0.0,35,16,0.0,0.0,1.0,0.0,0,0,0.01890955549612522,-3.948997275440096,0
222,0.0,37,17,0.0,0.0,1.0,0.0,0,0,0.018342933996576886,-3.9799975953708917,66497
223,0.0,27,17,0.0,0.0,1.0,0.0,0,0,0.03068362188389984,-3.4528620350917754,0
224,0.0,47,14,0.0,0.0,1.0,0.0,0,0,0.01810559704375485,-3.9932626505342044,0
225,0.0,48,12,0.0,0.0,1.0,0.0,0,0,0.02126645285890607,-3.8291285891151237,0
226,0.0,42,12,0.0,0.0,1.0,0.0,0,0,0.03127269407240059,-3.4332378313177974,0
227,0.0,43,12,0.0,0.0,1.0,0.0,0,0,0.024943124238100814,-3.6658976008325634,0
228,0.0,46,12,0.0,0.0,1.0,0.0,0,0,0.023059746989847866,-3.7463369536905406,0
229,0.0,46,12,0.0,0.0,1.0,0.0,0,0,0.023059746989847866,-3.7463369536905406,0
230,0.0,46,12,0.0,0.0,1.0,0.0,0,0,0.023059746989847866,-3.7463369536905406,0
231,0.0,29,16,0.0,0.0,1.0,0.0,0,0,0.030799034281028106,-3.448988650374332,8396
232,0.0,39,13,0.0,0.0,1.0,0.0,0,0,0.025621139873330322,-3.638382414426169,0
233,0.0,32,12,0.0,0.0,1.0,0.0,0,0,0.05727107119960262,-2.8009831545001687,0
234,0.0,48,16,0.0,0.0,1.0,0.0,0,0,0.010492578633935525,-4.546539054634953,0
235,0.0,48,16,0.0,0.0,1.0,0.0,0,0,0.010492578633935525,-4.546539054634953,0
236,0.0,41,13,0.0,0.0,1.0,0.0,0,0,0.02921531364370328,-3.503411687819604,0
237,0.0,42,13,0.0,0.0,1.0,0.0,0,0,0.026411233222755296,-3.607199583271128,0
238,0.0,42,13,0.0,0.0,1.0,0.0,0,0,0.026411233222755296,-3.607199583271128,0
239,0.0,42,13,0.0,0.0,1.0,0.0,0,0,0.026411233222755296,-3.607199583271128,0
240,0.0,54,13,0.0,0.0,1.0,0.0,0,0,0.017404992009260788,-4.033439977155938,0
241,0.0,29,14,0.0,0.0,1.0,0.0,0,0,0.03979811541968847,-3.1833239988853332,0
242,0.0,54,12,0.0,0.0,1.0,0.0,0,0,0.02126645285890607,-3.8291285891151237,0
243,0.0,54,12,0.0,0.0,1.0,0.0,0,0,0.02126645285890607,-3.8291285891151237,0
244,0.0,26,14,0.0,0.0,1.0,0.0,0,0,0.04026235858588383,-3.1712429545699465,0
245,0.0,43,17,0.0,0.0,1.0,0.0,0,0,0.014502583346463595,-4.218819709850541,36943
246,0.0,54,12,0.0,0.0,1.0,0.0,0,0,0.02126645285890607,-3.8291285891151237,0
247,0.0,37,12,0.0,0.0,1.0,0.0,0,0,0.034449658011804704,-3.333199171034718,0
248,0.0,54,16,0.0,0.0,1.0,0.0,0,0,0.010492578633935525,-4.546539054634953,0
249,0.0,48,17,0.0,0.0,1.0,0.0,0,0,0.010492578633935525,-4.546539054634953,0
250,0.0,44,12,0.0,0.0,1.0,0.0,0,0,0.023371695666672247,-3.732580430403345,0
251,0.0,54,12,0.0,0.0,1.0,0.0,0,0,0.02126645285890607,-3.8291285891151237,0
252,0.0,38,12,0.0,0.0,1.0,0.0,0,0,0.03424930023005157,-3.3392395928730396,0
253,0.0,37,13,0.0,0.0,1.0,0.0,0,0,0.02780689369511427,-3.554270489165948,0
254,0.0,27,17,0.0,0.0,1.0,0.0,0,0,0.03068362188389984,-3.4528620350917754,0
255,0.0,51,12,0.0,0.0,1.0,0.0,0,0,0.02126645285890607,-3.8291285891151237,0
256,0.0,39,12,0.0,0.0,1.0,0.0,0,0,0.031972344087718964,-3.410389375161806,0
257,0.0,55,14,0.0,0.0,1.0,0.0,0,0,0.017555676005218346,-4.0246663577240005,0
258,0.0,54,13,0.0,0.0,1.0,0.0,0,0,0.017404992009260788,-4.033439977155938,0
259,0.0,54,13,0.0,0.0,1.0,0.0,0,0,0.017404992009260788,-4.033439977155938,0
260,0.0,34,12,0.0,0.0,1.0,0.0,0,0,0.03504330653838006,-3.315498596794207,0
261,0.0,50,14,0.0,0.0,1.0,0.0,0,0,0.017555676005218346,-4.0246663577240005,0
262,0.0,50,12,0.0,0.0,1.0,0.0,0,0,0.02126645285890607,-3.8291285891151237,0
263,0.0,21,14,0.0,1.0,0.0,0.0,0,71,0.2229645464728946,-1.248473203667428,3657
264,0.0,26,12,0.0,0.0,1.0,0.0,0,71,0.08076138025305742,-2.4320468560729305,0
265,0.0,21,13,0.0,0.0,0.0,0.0,0,692,0.3135598265346226,-0.7835288981293101,2659
266,0.0,23,16,0.0,0.0,1.0,0.0,0,1521,0.08538600757571646,-2.371319868409229,0
267,0.0,21,15,0.0,0.0,0.0,0.0,0,3222,0.10052168705811478,-2.191441447131681,14777
268,0.0,23,14,0.0,0.0,0.0,0.0,0,3401,0.14876255823947648,-1.7443396386491936,5319
269,0.0,27,16,0.0,0.0,1.0,0.0,0,4833,0.028654318888351606,-3.5233782318618463,0
270,0.0,25,12,0.0,0.0,1.0,0.0,0,5729,0.08893187245231662,-2.3267470791810902,26599
271,0.0,27,17,0.0,0.0,0.0,0.0,0,6087,0.06699690579931247,-2.633762081016569,7388
272,0.0,55,12,0.0,0.0,1.0,0.0,0,6266,0.019886023365209237,-3.8976517260756336,10344
273,0.0,20,12,0.0,0.0,1.0,0.0,0,7161,0.07589831587620982,-2.4994276179037214,0
274,0.0,18,12,0.0,0.0,1.0,0.0,0,8056,0.06495883702511915,-2.666836760136973,19210
275,0.0,27,12,0.0,0.0,1.0,0.0,0,8235,0.04436481194628516,-3.069929606275479,20688
276,0.0,28,16,0.0,0.0,1.0,0.0,0,8951,0.006485573193712781,-5.031668381598487,36943
277,0.0,36,12,1.0,0.0,1.0,0.0,0,8951,0.049823069927165564,-2.9481700811233513,11821
278,0.0,33,13,1.0,0.0,1.0,0.0,0,10741,0.04824475828666062,-2.982020717357407,20688
279,0.0,36,12,0.0,0.0,1.0,0.0,0,10741,0.00769987615300421,-4.858821361023344,0
280,0.0,27,13,0.0,0.0,1.0,0.0,0,16112,0.023331759571552948,-3.734331520528732,29554
281,0.0,45,17,0.0,0.0,1.0,0.0,0,16112,0.0015672882656249001,-6.456839854585598,17732
282,0.0,45,17,0.0,0.0,1.0,0.0,0,16112,0.0015672882656249001,-6.456839854585598,17732
283,0.0,45,17,0.0,0.0,1.0,0.0,0,16112,0.0015672882656249001,-6.456839854585598,17732
284,0.0,31,12,0.0,0.0,1.0,0.0,0,17903,0.01770614854711759,-4.01597854652161,0
285,0.0,34,12,0.0,0.0,1.0,0.0,0,17903,0.006754913008041066,-4.990707355115265,63542
286,0.0,34,12,0.0,0.0,1.0,0.0,0,17903,0.006754913008041066,-4.990707355115265,63542
287,0.0,47,14,0.0,0.0,1.0,0.0,0,17903,0.0030560162608939553,-5.787582391304802,22165
288,0.0,35,16,0.0,0.0,1.0,0.0,0,19693,0.002272975250461649,-6.084390060281496,17732
289,0.0,43,17,0.0,0.0,1.0,0.0,0,21161,0.0015672882656249001,-6.456839854585598,29554
290,0.0,25,12,1.0,0.0,1.0,0.0,0,21483,0.09194056673746184,-2.2901674770251303,1220
291,0.0,29,15,0.0,0.0,0.0,0.0,0,21483,0.06191322816873676,-2.7181085929097026,22313
292,0.0,31,12,0.0,0.0,1.0,0.0,0,21483,0.01770614854711759,-4.01597854652161,20688
293,0.0,52,12,0.0,0.0,1.0,0.0,0,21483,0.00494118731051773,-5.305196195062459,22165
294,0.0,22,16,0.0,0.0,0.0,0.0,0,22558,0.059849269397429794,-2.75421098941205,32509
295,0.0,53,15,0.0,0.0,1.0,0.0,0,24169,0.0014878337357730569,-6.508945143866444,28076
296,0.0,29,17,0.0,0.0,1.0,0.0,0,25959,0.004245066986524555,-5.457743576378928,36898
297,0.0,31,13,0.0,0.0,1.0,0.0,0,25959,0.008075779423641613,-4.8107773263166775,39898
298,0.0,35,12,0.0,0.0,1.0,0.0,0,26138,0.006754913008041066,-4.990707355115265,29554
299,0.0,29,16,0.0,0.0,1.0,0.0,0,26854,0.004245066986524555,-5.457743576378928,23643
300,0.0,39,12,0.0,0.0,1.0,0.0,0,28645,0.006536155714219908,-5.023848487706756,31032
301,0.0,37,14,0.0,0.0,1.0,0.0,0,32225,0.0044775149221415655,-5.404199522325155,0
302,0.0,30,14,0.0,0.0,1.0,0.0,0,32225,0.005914668703561764,-5.124387563026459,22165
303,0.0,43,17,0.0,0.0,1.0,0.0,0,42251,0.0015672882656249001,-6.456839854585598,41376
304,0.0,32,17,0.0,0.0,1.0,0.0,0,46548,0.004706332797269871,-5.354128831073105,39898
305,0.0,32,16,0.0,0.0,1.0,0.0,577,6910,0.03123342648922135,-3.4345348055104283,18609
306,0.0,43,12,1.0,0.0,1.0,0.0,715,1879,0.16714462654360893,-1.6060005409532692,5910
307,0.0,24,12,1.0,0.0,0.0,0.0,783,0,0.6018846100766392,0.413323861627737,10344
308,0.0,22,13,0.0,0.0,0.0,0.0,783,0,0.23903039388016278,-1.1580027027756759,2305
309,0.0,35,15,0.0,0.0,1.0,0.0,979,537,0.045754647893489465,-3.037627441022523,0
310,0.0,26,15,0.0,0.0,0.0,0.0,979,1879,0.10216332376294056,-2.1734154306754045,3250
311,0.0,29,17,0.0,0.0,1.0,0.0,979,8951,0.009404590076855145,-4.657108310368621,0
312,0.0,23,12,1.0,0.0,0.0,0.0,1077,3222,0.5314585606184353,0.1260006789360711,5910
313,0.0,19,12,0.0,0.0,1.0,0.0,1154,8593,0.02828105260057171,-3.5368745528763017,26599
314,0.0,48,16,0.0,0.0,1.0,0.0,1240,1466,0.01078274598002403,-4.518966715719879,1152
315,0.0,48,16,0.0,0.0,1.0,0.0,1240,1466,0.01078274598002403,-4.518966715719879,1152
316,0.0,22,12,1.0,0.0,1.0,0.0,1269,0,0.264506401408894,-1.022676383595018,0
317,0.0,20,12,1.0,0.0,0.0,0.0,1367,12532,0.10228971552314298,-2.1720382577879302,2955
318,0.0,24,17,0.0,0.0,1.0,0.0,1371,0,0.021904197718836674,-3.798929327465973,24825
319,0.0,27,16,0.0,0.0,1.0,0.0,1469,1253,0.030140831785809286,-3.4712700833253685,4363
320,0.0,21,14,0.0,0.0,0.0,0.0,1506,2685,0.1624029047343221,-1.6404568777621988,11082
321,0.0,53,13,0.0,0.0,1.0,0.0,1567,3938,0.011016612717799319,-4.497273153396601,4728
322,0.0,53,13,0.0,0.0,1.0,0.0,1567,3938,0.011016612717799319,-4.497273153396601,4728
323,0.0,53,16,0.0,0.0,1.0,0.0,1665,0,0.006579484554211895,-5.01719764716462,2955
324,0.0,22,15,0.0,0.0,1.0,0.0,1763,5370,0.01026708705875187,-4.568491774068182,22165
325,0.0,21,15,0.0,0.0,0.0,0.0,1763,9667,0.01343199367091109,-4.2965928114846195,4137
326,0.0,30,12,0.0,0.0,1.0,0.0,1959,1790,0.04075674492571183,-3.1585233520053557,1477
327,0.0,21,12,1.0,0.0,0.0,0.0,1959,5460,0.11294444475681271,-2.0610115545935335,1152
328,0.0,27,16,0.0,0.0,1.0,0.0,1959,17545,0.001756101323765209,-6.342901438895767,21427
329,0.0,22,15,0.0,0.0,0.0,0.0,1967,2864,0.08343781153080512,-2.3965283369911696,5024
330,0.0,22,12,1.0,0.0,1.0,0.0,2006,2470,0.2406162280869492,-1.1493040282786604,0
331,0.0,23,13,0.0,0.0,1.0,0.0,2155,5370,0.012692585333785094,-4.353963463650112,11378
332,0.0,33,12,0.0,0.0,1.0,0.0,2351,0,0.03224531236462851,-3.401605953653314,2770
333,0.0,24,13,0.0,0.0,0.0,0.0,2351,3127,0.13840853687956542,-1.82857149368566,14777
334,0.0,20,12,1.0,0.0,0.0,0.0,2351,4475,0.19098517998247758,-1.4436214025031389,17732
335,0.0,22,16,0.0,0.0,0.0,0.0,2351,23274,0.01475262859154601,-4.201471471623114,25860
336,0.0,19,12,0.0,0.0,1.0,0.0,2547,10741,0.008289515718323797,-4.784439664297408,0
337,0.0,22,15,0.0,0.0,1.0,0.0,2547,17187,0.0027262735755995363,-5.902089596228819,25860
338,0.0,43,14,0.0,0.0,1.0,0.0,2645,0,0.012424519945329207,-4.375580994307146,6992
339,0.0,39,12,0.0,0.0,1.0,0.0,2742,7161,0.003408884365903689,-5.677955498790762,11821
340,0.0,28,12,1.0,0.0,0.0,0.0,2938,2864,0.46733855645950295,-0.13083207668060595,0
341,0.0,19,14,0.0,0.0,0.0,0.0,2938,3222,0.12430298933739418,-1.9522981052645416,0
342,0.0,26,17,0.0,0.0,1.0,0.0,2938,12532,0.0013136774731060644,-6.63361030220193,23643
343,0.0,18,12,0.0,0.0,1.0,0.0,3134,11100,0.009852989836993608,-4.610078481341818,20688
344,0.0,23,15,0.0,0.0,1.0,0.0,3320,2506,0.027866498773681046,-3.5520679354333775,9974
345,0.0,24,12,1.0,0.0,0.0,0.0,3330,4654,0.16565488442806572,-1.6167405096573462,11821
346,0.0,27,12,0.0,0.0,1.0,0.0,3526,0,0.050380799496910385,-2.936450922530595,5910
347,0.0,29,17,0.0,0.0,1.0,0.0,3526,15217,0.0038752576243509607,-5.54926034879251,24382
348,0.0,22,12,1.0,0.0,0.0,0.0,3579,17133,0.05538971605276101,-2.836378498789779,11821
349,0.0,27,12,0.0,0.0,1.0,0.0,3722,254,0.05523631275061526,-2.8393142531327284,1090
350,0.0,27,15,0.0,0.0,1.0,0.0,3722,4654,0.009532148835421937,-4.643507235027634,19210
351,0.0,20,12,1.0,0.0,0.0,0.0,3730,8951,0.05244711591429529,-2.8940774037417407,13299
352,0.0,27,12,1.0,0.0,1.0,0.0,3918,1994,0.13899803138675232,-1.8236370205064885,17732
353,0.0,23,12,1.0,0.0,1.0,0.0,3918,2864,0.16152264624937684,-1.646942215562666,8866
354,0.0,23,12,1.0,0.0,1.0,0.0,3918,11637,0.009858730584495346,-4.609490212967434,9752
355,0.0,22,12,0.0,0.0,1.0,0.0,3918,15396,0.0026443673208256455,-5.932675570623804,39898
356,0.0,31,12,1.0,0.0,1.0,0.0,3918,18440,0.004430595810717163,-5.414780769461978,24973
357,0.0,26,17,0.0,0.0,0.0,0.0,4173,11637,0.012615030855359066,-4.360170975031776,9457
358,0.0,20,12,0.0,0.0,1.0,0.0,4310,0,0.05078104015354561,-2.9281164393212813,4433
359,0.0,30,17,0.0,0.0,1.0,0.0,4310,4296,0.00637390934087626,-5.049147976925486,22476
360,0.0,42,16,0.0,0.0,0.0,0.0,4398,17903,0.010557520422969181,-4.5403031902812785,16254
361,0.0,21,14,0.0,0.0,1.0,0.0,4506,9309,0.0020166854735582185,-6.204281248197816,23052
362,0.0,25,16,0.0,0.0,1.0,0.0,4604,2954,0.021801465720947898,-3.8037354472776315,0
363,0.0,27,15,0.0,0.0,1.0,0.0,4702,0,0.02366241449182583,-3.7199205105279476,0
364,0.0,26,17,0.0,0.0,1.0,0.0,4702,19693,0.0014627849862656349,-6.525949279536926,26599
365,0.0,29,16,0.0,0.0,1.0,0.0,4800,17187,0.0019508038834248262,-6.237561034267507,23643
366,0.0,20,12,0.0,0.0,0.0,0.0,4811,716,0.4043241100901436,-0.38747990124475645,0
367,0.0,52,12,0.0,0.0,1.0,0.0,4898,0,0.017285189989466633,-4.040468891095507,0
368,0.0,23,17,0.0,0.0,0.0,0.0,4898,2148,0.10568533672817232,-2.1355915277047646,33987
369,0.0,21,14,0.0,0.0,1.0,0.0,4898,7161,0.002303017054007446,-6.071229579967545,17141
370,0.0,24,16,0.0,0.0,0.0,0.0,4898,8951,0.004726455316286019,-5.349842101686169,17732
371,0.0,30,17,0.0,0.0,1.0,0.0,4898,12084,0.0009179286772675973,-6.9924725137385835,5172
372,0.0,25,17,0.0,0.0,0.0,0.0,4996,17414,0.005393121982952686,-5.217223126761136,5030
373,0.0,21,12,0.0,0.0,1.0,0.0,5094,6803,0.005859031300812371,-5.133894733322409,7388
374,0.0,28,12,0.0,0.0,1.0,0.0,5094,10741,0.0017490392591961031,-6.346938065930369,9014
375,0.0,20,12,0.0,0.0,1.0,0.0,5182,6266,0.00653572303013568,-5.0239151239868285,15244
376,0.0,36,16,0.0,0.0,0.0,0.0,5290,4833,0.03211740710381723,-3.4057126310559527,5319
377,0.0,19,12,1.0,0.0,0.0,0.0,5387,8056,0.04621570510585939,-3.027117862223146,12117
378,0.0,21,12,1.0,0.0,1.0,0.0,5868,3043,0.16136902354684587,-1.6480769584336268,10048
379,0.0,47,12,0.0,0.0,1.0,0.0,5868,9513,0.0013862775459220914,-6.579745909361062,5319
380,0.0,24,16,0.0,0.0,1.0,0.0,5877,4833,0.0069515174836779,-4.961819508421052,33987
381,0.0,24,12,1.0,0.0,1.0,0.0,5877,8951,0.0065633386774898795,-5.019670888660236,17732
382,0.0,25,17,0.0,0.0,1.0,0.0,5877,10562,0.001350908960531825,-6.605625786741004,30101
383,0.0,21,16,0.0,0.0,1.0,0.0,5877,10562,0.0014855330443791616,-6.510494981149037,16993
384,0.0,31,12,1.0,0.0,1.0,0.0,5877,11064,0.004707552576970126,-5.353868460727833,15959
385,0.0,26,14,0.0,0.0,1.0,0.0,5877,13427,0.001856122289394272,-6.287407911087526,31032
386,0.0,22,12,1.0,0.0,0.0,0.0,5891,10367,0.05170194749863014,-2.909173404189952,5763
387,0.0,20,13,1.0,0.0,0.0,0.0,5897,12532,0.04549272876741496,-3.043642755104502,14777
388,0.0,20,13,0.0,1.0,1.0,0.0,6073,10025,0.023834610225593342,-3.712493293297258,27337
389,0.0,27,14,0.0,0.0,1.0,0.0,6269,0,0.028237828461056262,-3.5384485812213913,26007
390,0.0,26,12,0.0,0.0,0.0,0.0,6269,11637,0.01502782118138861,-4.182710167307303,10344
391,0.0,23,17,0.0,0.0,1.0,0.0,6367,5370,0.012713225332642844,-4.352317732677349,0
392,0.0,23,12,1.0,0.0,0.0,0.0,6494,12532,0.04229121623658911,-3.119964337705183,14186
393,0.0,22,12,1.0,0.0,0.0,0.0,6583,4475,0.15637001435302764,-1.6854889071922647,0
394,0.0,21,12,1.0,0.0,0.0,0.0,6661,11458,0.030065883859091484,-3.4738370453535725,11208
395,0.0,21,12,0.0,0.0,1.0,0.0,6661,12532,0.0016580960735750356,-6.4004258062501,25121
396,0.0,28,14,0.0,0.0,1.0,0.0,6739,7877,0.007192872328132902,-4.927445831960396,13742
397,0.0,27,12,1.0,0.0,1.0,0.0,6855,0,0.10627423941633861,-2.1293760551464365,8275
398,0.0,25,14,0.0,0.0,0.0,0.0,6857,1790,0.1787381080763037,-1.5249203988498068,0
399,0.0,30,12,0.0,0.0,1.0,0.0,6857,3222,0.03799463383503052,-3.231575093897203,3250
400,0.0,27,13,1.0,0.0,1.0,0.0,6857,4096,0.04911755682951413,-2.963173897204352,24514
401,0.0,22,13,0.0,0.0,0.0,0.0,6857,6266,0.005425071481131953,-5.211284362775499,17363
402,0.0,23,16,0.0,0.0,1.0,0.0,6857,14143,0.0008660524718944436,-7.0506986324232725,22165
403,0.0,24,12,1.0,0.0,1.0,0.0,6857,14322,0.002986512362832809,-5.810658025338165,26599
404,0.0,19,13,0.0,0.0,0.0,0.0,6857,15217,0.004529827849014776,-5.392531224026444,17732
405,0.0,21,14,0.0,0.0,1.0,0.0,6974,11407,0.0012673120399742592,-6.669589009669804,17141
406,0.0,29,17,0.0,0.0,1.0,0.0,7053,7161,0.0020360609174125102,-6.194700124090518,8866
407,0.0,27,16,0.0,0.0,1.0,0.0,7053,11637,0.0018068201049137563,-6.314378372512686,25121
408,0.0,28,15,0.0,0.0,1.0,0.0,7249,15217,0.0008273128027820432,-7.0965000412927886,9161
409,0.0,26,12,0.0,0.0,1.0,0.0,7406,0,0.030764504002737454,-3.450146054354048,2955
410,0.0,54,12,0.0,0.0,1.0,0.0,7445,0,0.013785106737246025,-4.270285487896606,0
411,0.0,28,15,1.0,0.0,0.0,0.0,7445,0,0.21241992026132905,-1.3103999825757013,12708
412,0.0,27,15,0.0,0.0,1.0,0.0,7445,10741,0.0018068201049137563,-6.314378372512686,18471
413,0.0,26,13,0.0,0.0,0.0,0.0,7449,5729,0.018574872868725112,-3.9671959803152856,9605
414,0.0,21,12,0.0,0.0,1.0,0.0,7523,7934,0.0017121501276290895,-6.3682916962032765,0
415,0.0,53,14,1.0,0.0,1.0,0.0,7641,8421,0.00319590059786443,-5.74268533521164,8127
416,0.0,21,13,0.0,0.0,1.0,0.0,7688,12743,0.002314245275553654,-6.066354732198147,11082
417,0.0,22,13,0.0,0.0,0.0,0.0,7739,3759,0.03353828947748264,-3.3609539256130865,16254
418,0.0,27,16,0.0,0.0,0.0,0.0,7837,0,0.049879144912562116,-2.9469862146116492,0
419,0.0,37,15,0.0,1.0,1.0,0.0,7837,179,0.018619014109533583,-3.9647774264767484,11821
420,0.0,33,13,0.0,0.0,0.0,0.0,7837,3580,0.04718773513068837,-3.0052838805083066,16254
421,0.0,19,12,1.0,0.0,0.0,0.0,7837,3759,0.20039418936647888,-1.3838324959121147,3694
422,0.0,28,12,0.0,0.0,1.0,0.0,7837,4475,0.010186491012771219,-4.576454118652647,15663
423,0.0,32,12,1.0,0.0,1.0,0.0,7837,5370,0.011386541679710779,-4.463871310708729,8866
424,0.0,24,12,0.0,0.0,0.0,0.0,7837,5370,0.02613717907159816,-3.617911666574092,5910
425,0.0,22,12,0.0,0.0,0.0,0.0,7837,7497,0.007497284092297421,-4.885688915054934,17732
426,0.0,20,12,1.0,0.0,1.0,0.0,7837,8951,0.0022787470502158426,-6.081848179101607,20688
427,0.0,23,12,0.0,0.0,1.0,0.0,7837,8951,0.0017397074957396087,-6.352297063239615,12058
428,0.0,27,12,1.0,0.0,1.0,0.0,7837,8951,0.0024754741017973493,-5.998844801870524,2210
429,0.0,23,12,1.0,0.0,1.0,0.0,7837,12532,0.00320840553857692,-5.738767618692024,21870
430,0.0,19,12,0.0,1.0,1.0,0.0,7837,12532,0.018614423475066973,-3.965028690854052,13299
431,0.0,27,14,0.0,0.0,0.0,0.0,7837,14322,0.004354346175027354,-5.432216958024009,16254
432,0.0,22,16,0.0,0.0,1.0,0.0,7837,16112,0.0008119766042592539,-7.115226724270469,16254
433,0.0,42,12,0.0,0.0,1.0,0.0,7837,16112,0.001222790405812518,-6.7053962754350716,15516
434,0.0,20,13,0.0,0.0,0.0,0.0,7837,17491,0.0046594218564360666,-5.364193592884034,2216
435,0.0,29,13,0.0,0.0,0.0,0.0,7958,0,0.1414975724720773,-1.8029069467105807,0
436,0.0,23,12,1.0,0.0,1.0,0.0,7993,13427,0.003430627760799143,-5.671575488051844,4433
437,0.0,19,12,0.0,0.0,1.0,0.0,8054,9309,0.001559530495135142,-6.461809719847975,11963
438,0.0,21,12,1.0,0.0,1.0,0.0,8150,13092,0.0024330957639765614,-6.016154794953125,10583
439,0.0,26,12,0.0,0.0,1.0,0.0,8228,13606,0.0016950327210764587,-6.378356762951706,11969
440,0.0,21,16,0.0,0.0,0.0,0.0,8228,22379,0.0023048870905499667,-6.070416040878887,27337
441,0.0,24,12,1.0,0.0,1.0,0.0,8275,15416,0.002986512362832809,-5.810658025338165,8335
442,0.0,29,12,0.0,0.0,1.0,0.0,8389,5908,0.017785697853089835,-4.011414871911507,14481
443,0.0,26,12,1.0,0.0,1.0,0.0,8616,8593,0.002191924318247566,-6.120781106738802,10344
444,0.0,23,14,1.0,0.0,1.0,0.0,8675,10398,0.002049860601240534,-6.187931523097719,13003
445,0.0,25,12,0.0,0.0,0.0,0.0,8683,9130,0.008588823653785757,-4.748667575881327,15811
446,0.0,21,12,0.0,0.0,1.0,0.0,8816,5729,0.011803616094864144,-4.4274755138875515,18096
447,0.0,25,12,1.0,0.0,0.0,0.0,8816,6266,0.04341823506431648,-3.0924867530583118,10344
448,0.0,22,12,0.0,0.0,1.0,0.0,8816,9939,0.0018243075862925723,-6.3047287950491,15486
449,0.0,22,12,0.0,0.0,1.0,0.0,8816,10741,0.0018243075862925723,-6.3047287950491,19653
450,0.0,23,12,1.0,0.0,1.0,0.0,8816,12174,0.00320840553857692,-5.738767618692024,18471
451,0.0,18,12,0.0,0.0,0.0,0.0,8816,14322,0.007853760174920425,-4.8388780953147466,22165
452,0.0,27,12,1.0,0.0,0.0,0.0,8816,14322,0.029905505114612457,-3.4793509031656242,19210
453,0.0,21,12,1.0,0.0,0.0,0.0,8816,14859,0.02904468244566392,-3.509445032095187,5578
454,0.0,25,12,0.0,0.0,1.0,0.0,8816,16112,0.0020083575931355365,-6.208427631729367,26599
455,0.0,21,13,0.0,0.0,1.0,0.0,8816,17903,0.0023165732738907987,-6.065346961633643,28224
456,0.0,27,12,0.0,0.0,1.0,0.0,8816,44758,0.0022538708759237587,-6.092849736975062,0
457,0.0,23,12,0.0,0.0,1.0,0.0,8840,7161,0.002131302234083573,-6.148888531880898,10416
458,0.0,21,12,0.0,0.0,1.0,0.0,8867,14995,0.00166042407191218,-6.399020440128178,17732
459,0.0,23,14,1.0,0.0,1.0,0.0,8934,12532,0.002049860601240534,-6.187931523097719,8866
460,0.0,23,16,1.0,0.0,0.0,0.0,9012,16490,0.014779133046316369,-4.199649589864493,19210
461,0.0,31,17,0.0,0.0,1.0,0.0,9012,29465,0.0007787513221150098,-7.157039735417628,39817
462,0.0,27,12,1.0,0.0,1.0,0.0,9067,5370,0.013561795822169062,-4.286843973011752,6649
463,0.0,21,12,1.0,0.0,1.0,0.0,9169,7161,0.0027504796733504584,-5.8932256866485,7388
464,0.0,23,12,1.0,0.0,1.0,0.0,9169,8271,0.00320840553857692,-5.738767618692024,10403
465,0.0,19,12,0.0,0.0,1.0,0.0,9208,5550,0.014713778177433579,-4.204147833708611,11526
466,0.0,46,12,0.0,0.0,1.0,0.0,9284,8504,0.0032235707790047993,-5.734036818587608,10376
467,0.0,24,12,0.0,0.0,1.0,0.0,9371,2864,0.06476175161188555,-2.6700861317527274,2216
468,0.0,20,13,0.0,1.0,0.0,0.0,9404,0,0.2190953019319047,-1.270946313076038,8275
469,0.0,24,17,0.0,0.0,1.0,0.0,9404,5370,0.00817527231601907,-4.798432378815114,22904
470,0.0,23,12,0.0,0.0,1.0,0.0,9404,9130,0.0032037484794012155,-5.740224863447956,11821
471,0.0,34,12,0.0,0.0,1.0,0.0,9404,9166,0.0027545633456745296,-5.891737980020339,23475
472,0.0,35,12,0.0,0.0,1.0,0.0,9404,9313,0.00427403988063094,-5.450912591445453,11821
473,0.0,23,12,0.0,0.0,0.0,0.0,9404,11834,0.01137374726637564,-4.465008527642507,16846
474,0.0,21,14,1.0,0.0,0.0,0.0,9420,5370,0.08942054858265024,-2.3207306509788688,9900
475,0.0,21,12,0.0,1.0,1.0,0.0,9496,8772,0.014206554773006063,-4.239743383223838,10512
476,0.0,26,12,0.0,0.0,1.0,0.0,9561,0,0.03052198389700639,-3.4583105914437704,13299
477,0.0,23,13,0.0,0.0,1.0,0.0,9698,8593,0.0035279234265272763,-5.643511684348529,23643
478,0.0,27,12,0.0,1.0,1.0,0.0,9698,11279,0.00636211455105995,-5.051012041254208,14038
479,0.0,50,12,0.0,1.0,1.0,0.0,9788,9846,0.002281265920339233,-6.080740889907392,13299
480,0.0,27,12,1.0,0.0,1.0,0.0,9796,0,0.10503789272439526,-2.1424602109946567,11821
481,0.0,25,12,0.0,0.0,1.0,0.0,9796,2685,0.0628204238098262,-2.7025946735221615,25121
482,0.0,21,12,1.0,0.0,1.0,0.0,9796,4296,0.034831196296660566,-3.321789581639003,14777
483,0.0,21,13,0.0,0.0,1.0,0.0,9796,8593,0.0008723099157223688,-7.043493098659823,28787
484,0.0,33,12,1.0,0.0,0.0,0.0,9796,8951,0.027240929932771406,-3.575415816771759,0
485,0.0,19,12,0.0,0.0,1.0,0.0,9796,9846,0.0004962472157582003,-7.607939966154276,20688
486,0.0,20,12,0.0,0.0,1.0,0.0,9796,10204,0.0006722981743150529,-7.3041360798056605,29258
487,0.0,22,12,1.0,0.0,1.0,0.0,9796,10741,0.002183417078916167,-6.1246783577738375,11162
488,0.0,32,12,0.0,0.0,1.0,0.0,9796,11458,0.00031153807912167377,-8.073677396219466,11821
489,0.0,24,13,0.0,0.0,1.0,0.0,9796,11458,0.0011148181672453684,-6.797948526033294,11526
490,0.0,29,12,1.0,0.0,1.0,0.0,9796,12532,0.0031872317472385944,-5.745410207979472,19210
491,0.0,23,12,1.0,0.0,1.0,0.0,9796,12532,0.002866879717818234,-5.851660049894543,11821
492,0.0,26,14,0.0,0.0,1.0,0.0,9796,13427,0.0002831276708182587,-8.169329460658773,20688
493,0.0,20,12,0.0,0.0,1.0,0.0,9796,13427,0.0006722981743150529,-7.3041360798056605,10713
494,0.0,27,12,1.0,0.0,1.0,0.0,9796,14322,0.004230136087930272,-5.46128200592859,11821
495,0.0,24,12,1.0,0.0,1.0,0.0,9796,14322,0.0026449865420741215,-5.932440811048225,33987
496,0.0,24,17,0.0,0.0,0.0,0.0,9796,16112,0.0016108233829633274,-6.429397690571868,36943
497,0.0,21,13,0.0,0.0,0.0,0.0,9796,16112,0.0027637240079186687,-5.888408680335236,20688
498,0.0,25,12,1.0,0.0,1.0,0.0,9796,21483,0.004263940316496283,-5.45328853245181,6649
499,0.0,30,12,1.0,0.0,1.0,0.0,9796,25064,0.0020836526178490715,-6.171547032634817,29554
500,0.0,26,12,1.0,0.0,0.0,0.0,9913,10741,0.02834217823389738,-3.5346526151939854,15619
501,0.0,22,12,0.0,0.0,0.0,0.0,9951,14322,0.005571064659546222,-5.184582460640331,14777
502,0.0,47,12,0.0,0.0,1.0,0.0,9968,10523,0.00044104792101529666,-7.725915878775944,11283
503,0.0,22,12,0.0,0.0,0.0,0.0,9992,15754,0.005571064659546222,-5.184582460640331,19949
504,0.0,31,12,1.0,0.0,1.0,0.0,10188,8951,0.0017781071712200751,-6.330426177550003,9605
505,0.0,35,12,0.0,0.0,1.0,0.0,10188,9309,0.0017532235541003276,-6.3445443923414455,11821
506,0.0,49,12,0.0,0.0,1.0,0.0,10231,11082,0.00044104792101529666,-7.725915878775944,6537
507,0.0,25,13,1.0,0.0,0.0,0.0,10246,15396,0.035186294858898494,-3.3112783748469097,12486
508,0.0,23,12,0.0,0.0,1.0,0.0,10290,10562,0.0006829321528706035,-7.288431874809552,9221
509,0.0,25,17,0.0,0.0,1.0,0.0,10384,22004,0.00026622234600849663,-8.23091245330231,49429
510,0.0,23,16,0.0,0.0,1.0,0.0,10384,26854,0.00028615213995997554,-8.15870073759256,11821
511,0.0,34,17,0.0,0.0,0.0,0.0,10580,7161,0.0024421120284616117,-6.012446929797179,5910
512,0.0,21,12,0.0,0.0,1.0,0.0,10580,8056,0.0006210890704743701,-7.383414773574235,12117
513,0.0,27,12,1.0,0.0,0.0,0.0,10623,3222,0.47454073929952545,-0.10192519079225992,8866
514,0.0,23,12,0.0,0.0,1.0,0.0,10775,5370,0.006913516727799056,-4.967339311747121,11821
515,0.0,23,12,0.0,0.0,1.0,0.0,10775,7161,0.0012563450730327494,-6.678291374058274,16993
516,0.0,32,17,0.0,0.0,0.0,0.0,10775,7161,0.002515506523874456,-5.982762418839705,0
517,0.0,27,12,1.0,0.0,1.0,0.0,10775,8951,0.001895853042943424,-6.266188734702415,7536
518,0.0,24,12,1.0,0.0,0.0,0.0,10775,9309,0.03083700649506726,-3.4477173273721666,8275
519,0.0,34,12,0.0,0.0,1.0,0.0,10775,11637,0.00023374701914391686,-8.361037367860042,14186
520,0.0,29,12,0.0,0.0,1.0,0.0,10775,12532,0.0003600995597887068,-7.92876984536856,25860
521,0.0,28,14,0.0,0.0,1.0,0.0,10775,13427,0.0001167041336351276,-9.055751887317042,0
522,0.0,18,12,0.0,0.0,0.0,0.0,10775,14322,0.0071226356916342885,-4.937329317892449,21427
523,0.0,20,12,1.0,0.0,0.0,0.0,10775,16372,0.03041100753718697,-3.4620676296801753,29554
524,0.0,25,13,0.0,0.0,1.0,0.0,10775,16739,0.0019656795370494523,-6.229949659041062,18966
525,0.0,23,12,1.0,0.0,1.0,0.0,10775,20481,0.00320116276280508,-5.741034874355133,29391
526,0.0,26,17,0.0,0.0,1.0,0.0,10775,29182,0.00027456895997760055,-8.200033501585166,35465
527,0.0,24,12,0.0,0.0,0.0,0.0,10873,15754,0.006132705421143365,-5.087967697565436,20132
528,0.0,23,12,0.0,0.0,1.0,0.0,10971,10204,0.0006829321528706035,-7.288431874809552,31032
529,0.0,23,16,0.0,0.0,0.0,0.0,10971,18798,0.0018469515986174053,-6.292370124196403,20924
530,0.0,26,12,1.0,0.0,1.0,0.0,11167,1074,0.13188831117862854,-1.8843649431560634,8866
531,0.0,46,12,0.0,0.0,1.0,0.0,11167,7161,0.0008694976962142979,-7.04672499779712,17732
532,0.0,23,12,1.0,0.0,1.0,0.0,11167,7812,0.011133804282615139,-4.486573118716155,14777
533,0.0,41,12,0.0,0.0,1.0,0.0,11167,10741,0.00044535826584288284,-7.716186050461532,12412
534,0.0,19,12,0.0,0.0,1.0,0.0,11201,14143,0.0004985752140953442,-7.603257399566517,24338
535,0.0,29,12,0.0,0.0,1.0,0.0,11259,9041,0.0003600995597887068,-7.92876984536856,26599
536,0.0,24,12,1.0,0.0,0.0,0.0,11285,13069,0.030979863637924404,-3.44294795887162,10344
537,0.0,23,12,1.0,0.0,0.0,0.0,11328,2685,0.6568252520599362,0.6491782178626602,29216
538,0.0,22,12,0.0,0.0,1.0,0.0,11363,4654,0.011267831491171519,-4.47447158927413,13299
539,0.0,21,12,0.0,0.0,0.0,0.0,11363,9667,0.005906054560256248,-5.125853693319946,13299
540,0.0,27,12,0.0,0.0,1.0,0.0,11363,12532,0.0006089417000056063,-7.403178898353418,4137
541,0.0,37,12,0.0,0.0,1.0,0.0,11430,11372,0.00044535826584288284,-7.716186050461532,8866
542,0.0,44,12,0.0,0.0,1.0,0.0,11559,7340,0.0008694976962142979,-7.04672499779712,27781
543,0.0,38,16,0.0,0.0,1.0,0.0,11559,7877,0.006211561490957411,-5.07511203332424,17732
544,0.0,34,12,0.0,0.0,1.0,0.0,11755,0,0.014548135056723885,-4.215637471508755,11821
545,0.0,49,12,0.0,0.0,0.0,0.0,11755,0,0.14305385945495258,-1.7901538712234983,0
546,0.0,23,12,0.0,0.0,1.0,0.0,11755,0,0.04868637356521063,-2.9724446067769965,17732
547,0.0,28,14,1.0,0.0,1.0,0.0,11755,0,0.06762988905812983,-2.6236798194393196,25874
548,0.0,43,12,0.0,0.0,1.0,0.0,11755,0,0.011960763282449065,-4.4140908441473234,295
549,0.0,28,16,0.0,0.0,0.0,0.0,11755,6445,0.002563865315889122,-5.963672112560635,0
550,0.0,29,12,1.0,0.0,1.0,0.0,11755,9846,0.0017789684419164654,-6.329941056996618,20688
551,0.0,53,12,0.0,0.0,1.0,0.0,11755,9893,0.00044104792101529666,-7.725915878775944,5172
552,0.0,21,12,0.0,0.0,1.0,0.0,11755,10204,0.0005670350164203161,-7.4745223029468,12560
553,0.0,24,13,1.0,0.0,1.0,0.0,11755,10741,0.0017716202360743985,-6.33408757208432,31097
554,0.0,21,12,0.0,0.0,1.0,0.0,11755,10741,0.0005670350164203161,-7.4745223029468,6649
555,0.0,24,12,0.0,0.0,1.0,0.0,11755,11074,0.0006668957293129936,-7.312209733932515,13742
556,0.0,21,12,0.0,0.0,0.0,0.0,11755,11637,0.005906054560256248,-5.125853693319946,10048
557,0.0,23,14,0.0,0.0,1.0,0.0,11755,11637,0.00029471085080063356,-8.129221094792968,25121
558,0.0,28,12,0.0,0.0,1.0,0.0,11755,12532,0.0003208838735141971,-8.044110329672431,0
559,0.0,28,12,0.0,0.0,1.0,0.0,11755,12532,0.0003208838735141971,-8.044110329672431,0
560,0.0,25,17,0.0,0.0,1.0,0.0,11755,12621,0.00020347724796928096,-8.499752864970596,28963
561,0.0,23,13,0.0,0.0,1.0,0.0,11755,13427,0.0010330530459426099,-6.874203151801932,16254
562,0.0,30,12,0.0,0.0,1.0,0.0,11755,13635,0.00031153807912167377,-8.073677396219466,26599
563,0.0,23,12,0.0,0.0,1.0,0.0,11755,13785,0.0007064615646353095,-7.254535048591157,14186
564,0.0,26,12,0.0,0.0,1.0,0.0,11755,14322,0.0004356903757046041,-7.738142929039564,20688
565,0.0,21,12,1.0,0.0,1.0,0.0,11755,14322,0.0023235011161581933,-6.062353924427956,16254
566,0.0,26,12,0.0,0.0,1.0,0.0,11755,14322,0.0004356903757046041,-7.738142929039564,17732
567,0.0,25,12,1.0,0.0,1.0,0.0,11755,14322,0.0038556770111741545,-5.554345539108747,21427
568,0.0,22,12,0.0,0.0,1.0,0.0,11755,14465,0.0006555745274749969,-7.329342776098927,18102
569,0.0,28,16,0.0,0.0,1.0,0.0,11755,15217,9.670751429773745e-05,-9.243722739014414,20688
570,0.0,22,13,1.0,0.0,1.0,0.0,11755,15217,0.0020225983697236168,-6.201347625942499,0
571,0.0,24,16,0.0,0.0,1.0,0.0,11755,16112,0.0003287015749882241,-8.020031530128929,31032
572,0.0,27,15,1.0,0.0,0.0,0.0,11755,16744,0.011297634482533798,-4.471799975478338,18442
573,0.0,19,12,0.0,0.0,0.0,0.0,11755,19335,0.004706580873989515,-5.354075871955058,16254
574,0.0,38,14,0.0,0.0,1.0,0.0,11755,19693,0.0003272019669293691,-8.024605686346751,0
575,0.0,38,14,0.0,0.0,0.0,0.0,11755,21483,0.004508095739864525,-5.397362157414382,7388
576,0.0,45,12,0.0,0.0,1.0,0.0,11771,11270,0.00044104792101529666,-7.725915878775944,16822
577,0.0,26,12,1.0,0.0,1.0,0.0,11775,14150,0.0017764182371535976,-6.331378170304586,16342
578,0.0,31,16,0.0,0.0,1.0,0.0,11784,9846,6.383230814050821e-05,-9.659187264257158,5390
579,0.0,25,13,1.0,0.0,1.0,0.0,11931,13824,0.018152610530709823,-3.990621507143706,12656
580,0.0,25,14,0.0,0.0,1.0,0.0,11973,14322,0.0002590947823393508,-8.258057479878547,14777
581,0.0,22,12,0.0,0.0,1.0,0.0,12051,16025,0.0006555745274749969,-7.329342776098927,13151
582,0.0,36,12,0.0,0.0,1.0,0.0,12147,13964,0.00044457789265060267,-7.71794060505646,13299
583,0.0,27,12,0.0,0.0,1.0,0.0,12147,14322,0.0005720540120682404,-7.4657049266522755,20142
584,0.0,33,12,0.0,0.0,1.0,0.0,12147,16112,0.0007680110244909348,-7.17093816401768,24382
585,0.0,27,12,0.0,0.0,1.0,0.0,12147,23274,0.0005720540120682404,-7.4657049266522755,26599
586,0.0,30,12,1.0,0.0,1.0,0.0,12225,10741,0.0015177093412019921,-6.489034230947672,18962
587,0.0,46,12,0.0,0.0,1.0,0.0,12343,11637,0.0004097979210152967,-7.7994365134303285,11230
588,0.0,23,14,0.0,0.0,1.0,0.0,12343,12532,0.0022947108508006332,-6.0748510866092555,14186
589,0.0,25,16,0.0,0.0,1.0,0.0,12343,13606,0.002172227247969281,-6.129827666290754,21427
590,0.0,27,14,0.0,0.0,1.0,0.0,12419,16829,0.00032710048721754564,-8.024915979918388,25178
591,0.0,49,16,0.0,0.0,1.0,0.0,12504,12353,0.00027122058186650124,-8.212306855570722,12560
592,0.0,22,12,0.0,0.0,1.0,0.0,12539,12532,0.0006532465291378529,-7.33290250681186,14369
593,0.0,28,16,0.0,0.0,1.0,0.0,12572,21483,6.545751429773745e-05,-9.634043802797878,23495
594,0.0,24,12,1.0,0.0,1.0,0.0,12658,19693,0.0024911875224662783,-5.9925014698478,19210
595,0.0,37,17,1.0,0.0,1.0,0.0,12735,1306,0.06815300402252156,-2.615413397063995,4236
596,0.0,22,13,0.0,0.0,0.0,0.0,12735,12532,0.00259100439324256,-5.953115314971134,17732
597,0.0,23,17,0.0,0.0,0.0,0.0,12735,14322,0.0017668190577961984,-6.336806109958861,28076
598,0.0,23,12,1.0,0.0,0.0,0.0,12735,14322,0.03289491662333282,-3.380989023114001,20688
599,0.0,26,12,0.0,0.0,1.0,0.0,12735,14322,0.0004044403757046041,-7.812601712607572,14925
600,0.0,22,12,0.0,0.0,0.0,0.0,12735,16112,0.005490932118725016,-5.19915119034176,21131
601,0.0,31,14,0.0,0.0,1.0,0.0,12735,17724,6.0422064732800295e-05,-9.71409578569709,29850
602,0.0,31,14,0.0,0.0,1.0,0.0,12735,17724,6.0422064732800295e-05,-9.71409578569709,29850
603,0.0,54,12,0.0,0.0,1.0,0.0,12735,17894,0.00040901754782301646,-7.801343397410761,19343
604,0.0,25,16,1.0,0.0,1.0,0.0,12735,18261,0.0008045520884180625,-7.124419971389135,10521
605,0.0,28,12,1.0,0.0,1.0,0.0,12735,19693,0.0016946140995159253,-6.3786041823903545,17732
606,0.0,19,13,0.0,0.0,1.0,0.0,12735,19693,0.0008049684731364466,-7.12390215248406,28815
607,0.0,26,17,0.0,0.0,1.0,0.0,12735,25064,0.00020410327370309078,-8.496680324469928,26599
608,0.0,28,12,0.0,0.0,1.0,0.0,12813,7161,0.0008089927396222891,-7.118911295304124,16254
609,0.0,20,12,0.0,0.0,1.0,0.0,12931,2363,0.08090009384463857,-2.4301798441874647,14777
610,0.0,26,12,0.0,0.0,1.0,0.0,12931,11100,0.0004021123773674601,-7.818376769474441,22165
611,0.0,25,17,0.0,0.0,1.0,0.0,12935,22379,0.00019575665973398687,-8.538442426219952,36943
612,0.0,24,12,0.0,0.0,1.0,0.0,13029,13964,0.0006379737276501376,-7.356575277379647,41571
613,0.0,22,12,0.0,0.0,1.0,0.0,13127,8951,0.0006532465291378529,-7.33290250681186,13595
614,0.0,27,17,0.0,0.0,1.0,0.0,13127,10741,0.0002714829528474758,-8.211339689525978,29554
615,0.0,26,12,0.0,0.0,1.0,0.0,13127,12174,0.0004021123773674601,-7.818376769474441,12687
616,0.0,27,12,1.0,0.0,1.0,0.0,13127,12353,0.001456339737621296,-6.530371618916897,11526
617,0.0,19,12,0.0,0.0,1.0,0.0,13127,12532,0.0004962472157582003,-7.607939966154276,24382
618,0.0,29,17,0.0,0.0,1.0,0.0,13127,19693,6.545751429773745e-05,-9.634043802797878,0
619,0.0,20,12,0.0,0.0,1.0,0.0,13244,8772,0.0007263522283691068,-7.226748881600211,17289
620,0.0,25,12,0.0,0.0,1.0,0.0,13291,14202,0.0007954372494265387,-7.135822841447946,14777
621,0.0,29,16,0.0,0.0,1.0,0.0,13323,5370,0.010381861088057194,-4.557258993209321,17732
622,0.0,23,14,0.0,0.0,0.0,0.0,13323,12174,0.0025992806631279872,-5.949917875603706,14777
623,0.0,28,12,0.0,0.0,1.0,0.0,13323,12532,0.00028963387351419703,-8.146603261912714,10935
624,0.0,30,14,0.0,0.0,1.0,0.0,13323,14322,6.0422064732800295e-05,-9.71409578569709,14777
625,0.0,26,16,1.0,0.0,1.0,0.0,13323,19693,0.0008399257294141934,-7.081356808735346,19934
626,0.0,24,12,0.0,1.0,1.0,0.0,13493,16470,0.001038173113192082,-6.869254020040877,21035
627,0.0,22,12,1.0,0.0,1.0,0.0,13518,13427,0.0023223059678050564,-6.062869628604254,12560
628,0.0,27,12,0.0,0.0,1.0,0.0,13597,15833,0.0025408040120682407,-5.972730670523053,13246
629,0.0,22,12,1.0,0.0,1.0,0.0,13665,17903,0.0018684600355050138,-6.280770490027391,13299
630,0.0,42,13,0.0,0.0,1.0,0.0,13701,0,0.017130524080944932,-4.049614423764569,33987
631,0.0,22,12,1.0,0.0,1.0,0.0,13714,0,0.1635433228420541,-1.632096801729946,664
632,0.0,47,12,0.0,0.0,1.0,0.0,13714,0,0.0094860589199341,-4.648400702142283,12560
633,0.0,26,12,0.0,0.0,1.0,0.0,13714,716,0.07606993217623266,-2.496983307192052,22904
634,0.0,21,12,0.0,0.0,1.0,0.0,13714,3222,0.04954546286236825,-2.9540496405847314,14038
635,0.0,25,16,0.0,0.0,0.0,0.0,13714,6042,0.018622095558980346,-3.964608800113686,0
636,0.0,25,12,1.0,0.0,1.0,0.0,13714,8235,0.0032901613649435825,-5.713523082464915,17732
637,0.0,23,12,0.0,0.0,0.0,0.0,13714,10741,0.006968801533820065,-4.959318818325888,15959
638,0.0,33,12,1.0,0.0,0.0,0.0,13714,11100,0.019102808048922258,-3.9386323123245255,9605
639,0.0,55,16,1.0,0.0,1.0,0.0,13714,11995,0.0007541964094989352,-7.189103252867632,23531
640,0.0,47,12,1.0,0.0,1.0,0.0,13714,12433,0.0016787543196055783,-6.388023072015168,14777
641,0.0,20,12,1.0,0.0,1.0,0.0,13714,12532,0.0016268790002320977,-6.419463619569372,8866
642,0.0,26,12,1.0,0.0,1.0,0.0,13714,12532,0.001183875563895999,-6.737777269206169,11821
643,0.0,31,12,0.0,0.0,1.0,0.0,13714,12532,0.0002627190516169361,-8.244162588000867,14777
644,0.0,30,12,0.0,0.0,1.0,0.0,13714,12532,0.0002627190516169361,-8.244162588000867,2563
645,0.0,21,12,1.0,0.0,0.0,0.0,13714,13339,0.02708103215939385,-3.58146723546911,11651
646,0.0,28,17,0.0,0.0,1.0,0.0,13714,13427,2.435907502829396e-05,-10.62258172739567,6827
647,0.0,24,12,0.0,0.0,1.0,0.0,13714,13427,0.0006180767018082559,-7.388279727459661,17732
648,0.0,28,12,0.0,0.0,1.0,0.0,13714,13606,0.00027206484600945946,-8.209198013773195,19210
649,0.0,23,12,0.0,0.0,0.0,0.0,13714,14322,0.006947600120392502,-4.9623871383910165,22165
650,0.0,35,12,0.0,0.0,0.0,0.0,13714,15038,0.0036565103426521527,-5.607582832973765,26599
651,0.0,27,14,0.0,0.0,1.0,0.0,13714,15217,0.00028600204794810213,-8.159225543558026,13447
652,0.0,23,12,0.0,0.0,1.0,0.0,13714,15754,0.0006554611469665526,-7.329515852823895,24205
653,0.0,24,12,1.0,0.0,1.0,0.0,13714,16112,0.0018334967654964958,-6.299695154890632,16254
654,0.0,24,12,0.0,0.0,1.0,0.0,13714,16112,0.0005968752883806941,-7.423205310089147,16254
655,0.0,39,12,1.0,0.0,1.0,0.0,13714,17008,0.0010737507980660606,-6.835523013733362,14629
656,0.0,33,12,0.0,0.0,1.0,0.0,13714,18082,0.0006956625852214912,-7.269949901856888,26081
657,0.0,45,14,0.0,0.0,1.0,0.0,13714,19102,1.1485943775100403e-05,-11.374375064605344,30145
658,0.0,45,14,0.0,0.0,1.0,0.0,13714,19102,1.1485943775100403e-05,-11.374375064605344,30145
659,0.0,27,12,1.0,0.0,1.0,0.0,13714,19425,0.0011928615203504636,-6.730206645880598,25860
660,0.0,45,17,0.0,0.0,1.0,0.0,13714,23095,1.1485943775100403e-05,-11.374375064605344,6649
661,0.0,23,16,0.0,0.0,0.0,0.0,13714,25601,0.0010938827986530432,-6.816927230226305,31623
662,0.0,26,17,0.0,0.0,1.0,0.0,13714,29540,0.00016300483443364727,-8.721567680374038,29554
663,0.0,27,14,1.0,0.0,0.0,0.0,13812,17036,0.014402231638859826,-4.2258651590373155,20688
664,0.0,21,14,0.0,0.0,1.0,0.0,13832,8777,0.00017916702103209164,-8.627012925705627,591
665,0.0,20,12,0.0,0.0,1.0,0.0,13902,14322,0.0005878623263994311,-7.438429741071682,19653
666,0.0,29,12,0.0,0.0,1.0,0.0,13910,7161,0.0007820779177250281,-7.152773799447834,19210
667,0.0,22,12,0.0,1.0,1.0,0.0,13910,8611,0.017580889601925737,-4.023205515926258,16218
668,0.0,24,12,0.0,0.0,0.0,0.0,13910,13427,0.005196047324959807,-5.254647478530938,19210
669,0.0,27,12,0.0,0.0,1.0,0.0,13910,14859,0.0004903597784062737,-7.619880714593589,15072
670,0.0,23,12,0.0,0.0,1.0,0.0,14063,11100,0.0005656218507473538,-7.477019029389937,14777
671,0.0,24,16,0.0,0.0,1.0,0.0,14067,24706,0.00014531242607201999,-8.836479147949474,37829
672,0.0,23,16,0.0,0.0,0.0,0.0,14106,6266,0.0019314609930708567,-6.247545242541129,2955
673,0.0,33,14,0.0,0.0,1.0,0.0,14106,14322,0.0001912534500247603,-8.561719774333886,17732
674,0.0,21,12,0.0,0.0,0.0,0.0,14106,17903,0.005059938552471803,-5.2813281561475165,22165
675,0.0,23,12,0.0,0.0,1.0,0.0,14106,23453,0.0005444204373197919,-7.51524417820479,0
676,0.0,20,12,1.0,0.0,1.0,0.0,14322,17903,0.0015328397289199494,-6.479099216173385,14777
677,0.0,24,12,0.0,0.0,1.0,0.0,14373,19693,0.0023774008437941747,-6.039367239146482,7388
678,0.0,29,12,1.0,0.0,1.0,0.0,14392,15396,0.0032489145777672332,-5.7261801107346315,14777
679,0.0,34,12,0.0,0.0,1.0,0.0,14498,14322,4.862617660519169e-05,-9.931299931423448,10048
680,0.0,44,12,0.0,0.0,1.0,0.0,14498,14424,1.3761467889908258e-05,-11.193624291540537,14579
681,0.0,23,12,0.0,0.0,1.0,0.0,14498,19335,0.00042932003571336636,-7.752878500945118,19210
682,0.0,26,14,1.0,0.0,1.0,0.0,14506,17187,0.0005389258105270975,-7.525393568252548,21678
683,0.0,51,12,0.0,0.0,1.0,0.0,14533,19245,1.3761467889908258e-05,-11.193624291540537,17732
684,0.0,41,12,0.0,0.0,1.0,0.0,14684,23274,1.8071812717494465e-05,-10.92113907000737,26599
685,0.0,37,13,0.0,0.0,1.0,0.0,14694,8951,0.0004628551054372636,-7.677633537820046,17732
686,0.0,26,16,0.0,0.0,1.0,0.0,14694,11637,0.00014699237337445725,-8.824982851160046,20688
687,0.0,24,12,1.0,0.0,1.0,0.0,14694,11816,0.0012049164014997277,-6.720139447898039,11821
688,0.0,22,14,1.0,0.0,1.0,0.0,14694,12532,0.0006975332862279399,-7.267262546541067,21397
689,0.0,27,12,1.0,0.0,1.0,0.0,14694,13427,0.0006659760716079326,-7.313590618653768,14079
690,0.0,23,13,0.0,0.0,1.0,0.0,14694,14322,0.0007794409287853728,-7.156153908391106,20688
691,0.0,27,12,0.0,0.0,1.0,0.0,14694,14322,0.00037525937679984796,-7.887517769817848,19210
692,0.0,28,12,1.0,0.0,1.0,0.0,14694,14859,0.0005334987995156339,-7.53552009626936,19210
693,0.0,21,12,0.0,0.0,1.0,0.0,14694,15217,0.0004759325018380276,-7.649758470855458,23643
694,0.0,28,12,0.0,0.0,1.0,0.0,14694,15933,0.00012641723658294855,-8.975796294949085,0
695,0.0,22,13,0.0,0.0,1.0,0.0,14694,16112,0.0007794409287853728,-7.156153908391106,0
696,0.0,20,12,0.0,0.0,1.0,0.0,14694,16112,0.0005811956597327645,-7.449841729445446,26599
697,0.0,24,16,0.0,0.0,1.0,0.0,14694,16470,0.00013864575940535334,-8.88344971588606,27337
698,0.0,22,12,0.0,0.0,1.0,0.0,14694,16829,0.0004537102796158054,-7.697597901016415,21870
699,0.0,27,12,0.0,1.0,1.0,0.0,14694,16829,0.0006760797758103324,-7.298523168909576,37829
700,0.0,35,12,1.0,0.0,1.0,0.0,14694,17187,0.0013416493570149312,-6.6125130082924,21279
701,0.0,23,16,0.0,0.0,1.0,0.0,14694,19693,0.00013864575940535334,-8.88344971588606,29554
702,0.0,22,16,0.0,0.0,1.0,0.0,14694,19693,0.00013864575940535334,-8.88344971588606,2955
703,0.0,23,16,0.0,0.0,1.0,0.0,14694,23274,0.00013864575940535334,-8.88344971588606,25121
704,0.0,20,12,0.0,0.0,1.0,0.0,14694,26854,0.0005811956597327645,-7.449841729445446,31032
705,0.0,22,12,1.0,0.0,1.0,0.0,14790,14680,0.0013051059977624022,-6.640165058776675,14038
706,0.0,24,12,0.0,0.0,1.0,0.0,14890,719,0.09790714175910306,-2.220697965408969,27963
707,0.0,26,12,0.0,0.0,1.0,0.0,14890,10741,0.00026009715386377354,-8.254195197053695,0
708,0.0,42,12,1.0,0.0,1.0,0.0,14988,11185,0.003631533406572232,-5.614462150417303,0
709,0.0,28,15,0.0,0.0,1.0,0.0,15082,18619,8.346613969103928e-06,-11.693646267377375,13986
710,0.0,24,13,0.0,0.0,1.0,0.0,15282,14322,0.0007794409287853728,-7.156153908391106,32509
711,0.0,50,12,0.0,0.0,1.0,0.0,15282,14322,1.3761467889908258e-05,-11.193624291540537,13151
712,0.0,50,12,0.0,0.0,1.0,0.0,15282,14322,1.3761467889908258e-05,-11.193624291540537,13151
713,0.0,28,13,0.0,0.0,1.0,0.0,15282,14322,0.000333217147254237,-8.006382913971654,14038
714,0.0,25,12,0.0,0.0,1.0,0.0,15282,16112,0.0006298926141581461,-7.369331115744954,25121
715,0.0,31,12,1.0,0.0,0.0,0.0,15282,17903,0.01748530530607213,-4.028754468672291,14777
716,0.0,32,16,1.0,0.0,1.0,0.0,15282,19693,0.0004087802223582021,-7.801924036199343,28076
717,0.0,22,12,0.0,0.0,1.0,0.0,15282,19693,0.0004537102796158054,-7.697597901016415,21870
718,0.0,22,13,1.0,0.0,1.0,0.0,15403,14320,0.0009377718938811329,-6.97106561015051,18660
719,0.0,26,12,1.0,0.0,1.0,0.0,15411,8951,0.0006205215261533872,-7.3843295481669164,11082
720,0.0,22,12,0.0,0.0,1.0,0.0,15478,8951,0.0004749116930433673,-7.65190665609599,14186
721,0.0,29,12,0.0,0.0,0.0,0.0,15478,14370,0.002939826397641728,-5.826460591620943,12615
722,0.0,53,17,0.0,0.0,1.0,0.0,15478,16399,4.819277108433735e-06,-12.242881799364168,15663
723,0.0,25,12,0.0,0.0,1.0,0.0,15478,17724,0.0006298926141581461,-7.369331115744954,31327
724,0.0,26,12,1.0,0.0,1.0,0.0,15478,18175,0.0005840529371533062,-7.444934709871165,19949
725,0.0,24,16,0.0,0.0,0.0,0.0,15587,19505,0.0006206561810445127,-7.384112434198322,19210
726,0.0,27,17,0.0,0.0,0.0,0.0,15674,0,0.037575653322840456,-3.2430991395618722,41376
727,0.0,46,12,0.0,0.0,1.0,0.0,15674,734,0.05509904625096874,-2.841947704563862,20688
728,0.0,25,12,1.0,0.0,1.0,0.0,15674,3738,0.06291179290487384,-2.7010437828857303,10512
729,0.0,21,13,0.0,0.0,0.0,0.0,15674,4946,0.025204947470122814,-3.6551869429417394,1733
730,0.0,37,12,0.0,0.0,1.0,0.0,15674,8951,0.00028143883673171957,-8.175313931808237,28076
731,0.0,37,12,0.0,0.0,1.0,0.0,15674,8951,0.00028143883673171957,-8.175313931808237,28076
732,0.0,28,15,1.0,0.0,1.0,0.0,15674,9452,0.00036794382661554036,-7.907212264978699,31032
733,0.0,22,12,0.0,0.0,0.0,0.0,15674,10741,0.004577829563564572,-5.381941947683724,28963
734,0.0,22,12,0.0,0.0,0.0,0.0,15674,11637,0.004577829563564572,-5.381941947683724,20688
735,0.0,27,12,0.0,0.0,1.0,0.0,15674,12532,0.00039646079022740983,-7.832536872094192,19210
736,0.0,21,13,1.0,0.0,1.0,0.0,15674,12532,0.0009589733073086946,-6.948687883932219,25121
737,0.0,49,16,0.0,0.0,1.0,0.0,15674,12890,0.00024698488769509696,-8.305936391235253,17732
738,0.0,26,12,0.0,0.0,1.0,0.0,15674,13427,0.00026009715386377354,-8.254195197053695,0
739,0.0,33,14,0.0,0.0,1.0,0.0,15674,13427,0.00018458678335809365,-8.597206230747053,13890
740,0.0,28,15,0.0,0.0,1.0,0.0,15674,13785,8.346613969103928e-06,-11.693646267377375,15959
741,0.0,29,17,0.0,0.0,1.0,0.0,15674,14143,8.346613969103928e-06,-11.693646267377375,25860
742,0.0,54,16,1.0,0.0,1.0,0.0,15674,14322,8.992332171684265e-05,-9.31646330433494,11821
743,0.0,25,14,0.0,1.0,1.0,0.0,15674,14322,0.00027605153704224914,-8.194646891618477,20702
744,0.0,32,12,0.0,0.0,1.0,0.0,15674,14322,0.00012641723658294855,-8.975796294949085,13299
745,0.0,40,12,0.0,0.0,1.0,0.0,15674,14322,1.8071812717494465e-05,-10.92113907000737,16254
746,0.0,40,12,0.0,0.0,1.0,0.0,15674,14322,1.8071812717494465e-05,-10.92113907000737,16254
747,0.0,27,16,0.0,0.0,1.0,0.0,15674,14322,0.00023790146428354818,-8.343416055868945,22165
748,0.0,24,12,0.0,0.0,1.0,0.0,15674,14680,0.00037073417712750776,-7.8996544529517,17732
749,0.0,43,12,0.0,0.0,1.0,0.0,15674,14680,1.3761467889908258e-05,-11.193624291540537,13831
750,0.0,25,16,0.0,0.0,1.0,0.0,15674,15217,0.00013864575940535334,-8.88344971588606,19062
751,0.0,26,12,1.0,0.0,1.0,0.0,15674,15217,0.0005840529371533062,-7.444934709871165,15516
752,0.0,34,12,1.0,0.0,1.0,0.0,15674,15754,0.0005931179864247371,-7.429523919503942,17732
753,0.0,21,13,0.0,0.0,1.0,0.0,15674,15933,0.0007271533470860263,-7.225645753479791,25121
754,0.0,21,12,1.0,0.0,1.0,0.0,15674,16112,0.0013051059977624022,-6.640165058776675,11821
755,0.0,23,12,1.0,0.0,1.0,0.0,15674,16202,0.0018063891545333636,-6.314617345856037,19210
756,0.0,26,12,0.0,0.0,1.0,0.0,15674,16470,0.00023889574043621162,-8.339244409413736,35022
757,0.0,28,14,0.0,0.0,1.0,0.0,15674,16757,1.2656958796690135e-05,-11.277290734497615,16254
758,0.0,26,17,0.0,0.0,1.0,0.0,15674,16829,0.00014699237337445725,-8.824982851160046,19210
759,0.0,20,14,0.0,0.0,0.0,0.0,15674,17008,0.0034461814277158046,-5.667036360287751,26599
760,0.0,26,12,1.0,0.0,1.0,0.0,15674,17983,0.0005840529371533062,-7.444934709871165,20688
761,0.0,21,12,1.0,0.0,1.0,0.0,15674,19693,0.0013051059977624022,-6.640165058776675,19210
762,0.0,41,12,0.0,0.0,1.0,0.0,15674,19693,1.8071812717494465e-05,-10.92113907000737,32509
763,0.0,28,16,0.0,0.0,1.0,0.0,15674,19693,8.346613969103928e-06,-11.693646267377375,28815
764,0.0,23,16,0.0,0.0,0.0,0.0,15674,21483,0.0008880343966985903,-7.025611651768515,26599
765,0.0,22,12,0.0,0.0,1.0,0.0,15674,22916,0.0004537102796158054,-7.697597901016415,31771
766,0.0,27,14,0.0,1.0,0.0,0.0,15674,23274,0.10213752789287958,-2.173696689670222,27337
767,0.0,26,16,0.0,0.0,1.0,0.0,15674,23274,0.00014699237337445725,-8.824982851160046,29554
768,0.0,54,12,0.0,0.0,1.0,0.0,15674,25064,1.3761467889908258e-05,-11.193624291540537,0
769,0.0,54,12,0.0,0.0,1.0,0.0,15674,25064,1.3761467889908258e-05,-11.193624291540537,0
770,0.0,54,12,1.0,0.0,0.0,0.0,15674,25064,0.017559424778303627,-4.024449028508679,20688
771,0.0,37,16,0.0,0.0,0.0,0.0,15674,26854,0.00020073848766799865,-8.513306794753666,29258
772,0.0,32,13,0.0,0.0,1.0,0.0,15674,30435,0.000333217147254237,-8.006382913971654,22018
773,0.0,29,12,0.0,0.0,1.0,0.0,15678,17487,0.00012641723658294855,-8.975796294949085,10196
774,0.0,22,13,0.0,0.0,1.0,0.0,15870,15826,0.0007794409287853728,-7.156153908391106,35465
775,0.0,23,12,1.0,0.0,1.0,0.0,15870,30435,0.0018063891545333636,-6.314617345856037,27781
776,0.0,36,12,0.0,0.0,1.0,0.0,15873,12727,0.00028143883673171957,-8.175313931808237,17444
777,0.0,21,13,0.0,0.0,1.0,0.0,15960,21483,0.0007271533470860263,-7.225645753479791,14777
778,0.0,21,12,0.0,0.0,1.0,0.0,15987,16291,0.0004759325018380276,-7.649758470855458,14481
779,0.0,26,12,1.0,0.0,1.0,0.0,15987,17903,0.0005840529371533062,-7.444934709871165,19505
780,0.0,28,12,1.0,0.0,1.0,0.0,15987,19693,0.0005334987995156339,-7.53552009626936,13299
781,0.0,43,12,0.0,0.0,1.0,0.0,15989,14322,1.3761467889908258e-05,-11.193624291540537,14777
782,0.0,27,12,1.0,0.0,1.0,0.0,16011,16112,0.0006295074826078518,-7.3699431122557595,20460
783,0.0,36,17,0.0,0.0,0.0,0.0,16015,30793,0.00020073848766799865,-8.513306794753666,29584
784,0.0,23,12,0.0,0.0,1.0,0.0,16065,4833,0.00770335060712805,-4.858366726312592,25564
785,0.0,31,12,0.0,0.0,1.0,0.0,16065,15038,0.00012641723658294855,-8.975796294949085,17732
786,0.0,25,14,0.0,0.0,1.0,0.0,16065,15217,0.00017073388201071732,-8.675233710762209,18471
787,0.0,35,12,1.0,0.0,1.0,0.0,16065,16086,0.0013416493570149312,-6.6125130082924,19210
788,0.0,23,16,0.0,0.0,1.0,0.0,16065,16829,0.00013864575940535334,-8.88344971588606,20688
789,0.0,21,12,0.0,0.0,1.0,0.0,16065,20588,0.0004759325018380276,-7.649758470855458,28815
790,0.0,22,12,0.0,0.0,0.0,0.0,16230,9846,0.004577829563564572,-5.381941947683724,2955
791,0.0,36,12,1.0,0.0,1.0,0.0,16261,21304,0.0005197425547159721,-7.561657078401851,22165
792,0.0,21,12,0.0,0.0,1.0,0.0,16306,18529,0.0004759325018380276,-7.649758470855458,11969
793,0.0,28,12,0.0,0.0,1.0,0.0,16393,13298,0.0001476186500105104,-8.820730669148558,0
794,0.0,24,12,0.0,1.0,1.0,0.0,16457,8951,0.0008104754354933483,-7.117078721042436,21870
795,0.0,30,12,0.0,0.0,0.0,0.0,16457,14680,0.002668075194383675,-5.923726326673228,15146
796,0.0,44,12,0.0,0.0,1.0,0.0,16457,16112,1.3761467889908258e-05,-11.193624291540537,17289
797,0.0,30,12,0.0,0.0,1.0,0.0,16457,16650,0.00012641723658294855,-8.975796294949085,19949
798,0.0,34,12,0.0,0.0,1.0,0.0,16457,16829,4.862617660519169e-05,-9.931299931423448,20688
799,0.0,26,16,0.0,0.0,1.0,0.0,16457,21483,0.00014699237337445725,-8.824982851160046,40637
800,0.0,23,16,0.0,0.0,1.0,0.0,16457,21483,0.00013864575940535334,-8.88344971588606,18471
801,0.0,20,12,0.0,0.0,0.0,0.0,16497,19604,0.007047913844900375,-4.947950746765041,19653
802,0.0,26,13,0.0,0.0,0.0,0.0,16653,3580,0.031827798511102824,-3.4150698906149164,8866
803,0.0,21,12,1.0,0.0,1.0,0.0,16653,9846,0.0011550563020506562,-6.76245046593854,7388
804,0.0,25,12,0.0,0.0,1.0,0.0,16653,12181,0.0006510940275857079,-7.336205184488645,17732
805,0.0,23,15,0.0,0.0,1.0,0.0,16653,13427,0.00013864575940535334,-8.88344971588606,16993
806,0.0,25,12,1.0,0.0,0.0,0.0,16653,14859,0.02337540559373955,-3.732417908387368,22904
807,0.0,28,16,0.0,0.0,1.0,0.0,16653,15396,8.346613969103928e-06,-11.693646267377375,17437
808,0.0,38,14,0.0,0.0,1.0,0.0,16653,16112,9.129621936019942e-06,-11.603977143530358,19505
809,0.0,29,17,0.0,0.0,1.0,0.0,16653,16112,8.346613969103928e-06,-11.693646267377375,17732
810,0.0,24,17,0.0,0.0,1.0,0.0,16653,16650,0.00013864575940535334,-8.88344971588606,20688
811,0.0,25,16,1.0,0.0,1.0,0.0,16653,17008,0.00033571922432776627,-7.998899613635383,21870
812,0.0,55,12,0.0,0.0,1.0,0.0,16653,17545,1.3761467889908258e-05,-11.193624291540537,16254
813,0.0,30,14,0.0,0.0,1.0,0.0,16653,17545,1.2656958796690135e-05,-11.277290734497615,0
814,0.0,21,12,0.0,0.0,0.0,0.0,16653,17903,0.00486926133126334,-5.3199318759422445,19210
815,0.0,26,12,0.0,0.0,1.0,0.0,16653,17903,0.00023889574043621162,-8.339244409413736,17732
816,0.0,34,12,0.0,0.0,1.0,0.0,16653,19532,4.862617660519169e-05,-9.931299931423448,16254
817,0.0,22,12,0.0,0.0,1.0,0.0,16653,19693,0.0004537102796158054,-7.697597901016415,26007
818,0.0,22,16,0.0,0.0,0.0,0.0,16653,22737,0.0006787991874633811,-7.294506191948157,37682
819,0.0,27,15,0.0,0.0,0.0,0.0,16653,23274,0.00023114869203453618,-8.372218190648834,23643
820,0.0,26,12,0.0,0.0,0.0,0.0,16653,23274,0.003089794790375869,-5.776556023097654,2955
821,0.0,26,16,0.0,0.0,1.0,0.0,16653,24706,0.00014699237337445725,-8.824982851160046,29554
822,0.0,24,14,1.0,0.0,1.0,0.0,16653,28466,0.0005305601294481225,-7.541046560547206,40637
823,0.0,26,14,1.0,0.0,0.0,0.0,16667,21483,0.008325751129768666,-4.780041417607508,28815
824,0.0,23,12,1.0,0.0,1.0,0.0,16708,10491,0.0016716066343941366,-6.392297053182126,7565
825,0.0,28,14,0.0,0.0,0.0,0.0,16849,12174,0.001063610297366324,-6.8450220406945075,1921
826,0.0,21,12,0.0,0.0,1.0,0.0,16849,15396,0.0004759325018380276,-7.649758470855458,0
827,0.0,30,12,0.0,0.0,1.0,0.0,16849,17366,0.00012641723658294855,-8.975796294949085,18978
828,0.0,24,12,0.0,0.0,1.0,0.0,16849,18619,0.00037073417712750776,-7.8996544529517,25121
829,0.0,51,12,0.0,0.0,1.0,0.0,16849,19693,1.3761467889908258e-05,-11.193624291540537,17732
830,0.0,21,14,0.0,0.0,0.0,0.0,16849,19693,0.0014461814277158041,-6.5373814662756,35465
831,0.0,22,14,1.0,0.0,1.0,0.0,16849,21125,0.0006567169596973276,-7.327600506768789,24086
832,0.0,24,12,0.0,0.0,1.0,0.0,16884,9311,0.0003919355905550696,-7.844021029065259,23080
833,0.0,23,15,0.0,0.0,1.0,0.0,16955,20844,0.00013864575940535334,-8.88344971588606,25514
834,0.0,26,14,0.0,0.0,1.0,0.0,17045,25064,0.00017908049597982123,-8.627496058463358,38716
835,0.0,45,12,0.0,0.0,1.0,0.0,17104,16381,1.3761467889908258e-05,-11.193624291540537,18176
836,0.0,46,13,0.0,0.0,1.0,0.0,17241,15754,0.00019517773659545232,-8.541404748030299,14777
837,0.0,29,12,0.0,0.0,1.0,0.0,17241,19686,0.00012641723658294855,-8.975796294949085,33544
838,0.0,26,14,0.0,0.0,1.0,0.0,17241,20588,0.00017908049597982123,-8.627496058463358,24530
839,0.0,27,16,0.0,0.0,1.0,0.0,17241,24885,0.00023790146428354818,-8.343416055868945,22165
840,0.0,26,14,0.0,0.0,1.0,0.0,17437,7161,0.00046541207642904875,-7.67212183852462,14771
841,0.0,20,15,0.0,0.0,1.0,0.0,17437,8056,0.00014041223176006098,-8.870787527278724,18471
842,0.0,23,12,0.0,0.0,1.0,0.0,17437,12532,0.00045052144914092823,-7.704654247229313,21427
843,0.0,30,16,0.0,0.0,1.0,0.0,17437,17867,8.346613969103928e-06,-11.693646267377375,15516
844,0.0,24,12,0.0,0.0,1.0,0.0,17437,22379,0.00037073417712750776,-7.8996544529517,16254
845,0.0,23,12,0.0,0.0,1.0,0.0,17633,0,0.04041068146825199,-3.1674112569361643,23643
846,0.0,34,12,0.0,0.0,1.0,0.0,17633,0,0.009852290638491933,-4.6101501530953755,0
847,0.0,24,12,0.0,1.0,1.0,0.0,17633,4848,0.019218886026123153,-3.932455866496532,22165
848,0.0,43,12,1.0,0.0,1.0,0.0,17633,10741,0.0014602822974329242,-6.527664157997588,21858
849,0.0,28,14,1.0,0.0,1.0,0.0,17633,12532,0.000481171145784543,-7.638806251757103,16254
850,0.0,20,12,0.0,0.0,1.0,0.0,17633,15217,0.0005811956597327645,-7.449841729445446,28815
851,0.0,23,12,1.0,0.0,1.0,0.0,17633,15217,0.0016351380453940557,-6.414391570420706,15516
852,0.0,27,14,1.0,0.0,1.0,0.0,17633,16112,0.000498109483996485,-7.604192424138279,26599
853,0.0,53,12,0.0,0.0,1.0,0.0,17633,16112,1.3761467889908258e-05,-11.193624291540537,19210
854,0.0,28,16,0.0,0.0,1.0,0.0,17633,16112,8.346613969103928e-06,-11.693646267377375,22165
855,0.0,26,12,0.0,0.0,1.0,0.0,17633,16112,0.00023889574043621162,-8.339244409413736,25121
856,0.0,25,15,0.0,0.0,1.0,0.0,17633,16112,0.00013864575940535334,-8.88344971588606,18619
857,0.0,29,14,0.0,0.0,1.0,0.0,17633,17187,1.2656958796690135e-05,-11.277290734497615,19699
858,0.0,26,12,1.0,0.0,1.0,0.0,17633,17416,0.00041280182801399837,-7.792130028424098,23643
859,0.0,55,16,0.0,0.0,1.0,0.0,17633,17903,4.819277108433735e-06,-12.242881799364168,22165
860,0.0,22,12,0.0,1.0,1.0,0.0,17633,17903,0.014178516473046581,-4.241747392473125,14777
861,0.0,33,12,0.0,0.0,1.0,0.0,17633,17903,0.0005805621836150655,-7.450932911004335,15811
862,0.0,34,14,0.0,1.0,1.0,0.0,17633,17903,0.00011895267457516454,-9.036665876849108,8866
863,0.0,24,12,0.0,0.0,1.0,0.0,17633,18440,0.00037073417712750776,-7.8996544529517,19949
864,0.0,24,12,0.0,0.0,1.0,0.0,17633,18750,0.00037073417712750776,-7.8996544529517,32509
865,0.0,26,12,1.0,0.0,1.0,0.0,17633,18798,0.00041280182801399837,-7.792130028424098,18471
866,0.0,45,12,0.0,0.0,1.0,0.0,17633,18798,1.3761467889908258e-05,-11.193624291540537,19949
867,0.0,22,12,0.0,0.0,1.0,0.0,17633,19693,0.0004537102796158054,-7.697597901016415,23643
868,0.0,55,14,0.0,0.0,1.0,0.0,17633,19693,4.819277108433735e-06,-12.242881799364168,2068
869,0.0,24,12,0.0,0.0,1.0,0.0,17633,19693,0.00037073417712750776,-7.8996544529517,11526
870,0.0,23,12,0.0,0.0,1.0,0.0,17633,21546,0.00042932003571336636,-7.752878500945118,4433
871,0.0,24,13,1.0,0.0,0.0,0.0,17633,25064,0.018954043664591302,-3.9466020101262957,22165
872,0.0,31,13,0.0,0.0,1.0,0.0,17633,25064,0.000333217147254237,-8.006382913971654,23643
873,0.0,43,12,0.0,0.0,1.0,0.0,17633,26854,1.3761467889908258e-05,-11.193624291540537,28076
874,0.0,43,12,0.0,0.0,1.0,0.0,17633,26854,1.3761467889908258e-05,-11.193624291540537,28076
875,0.0,23,12,1.0,0.0,1.0,0.0,17672,14322,0.0016351380453940557,-6.414391570420706,12294
876,0.0,22,12,0.0,0.0,1.0,0.0,17703,12532,0.0004749116930433673,-7.65190665609599,20688
877,0.0,30,12,1.0,0.0,1.0,0.0,17760,17366,0.0004436677173877096,-7.719990893806234,19210
878,0.0,28,12,0.0,0.0,0.0,0.0,17829,5012,0.04547176036597173,-3.044125746539671,16240
879,0.0,28,12,0.0,0.0,1.0,0.0,17829,11100,0.0001476186500105104,-8.820730669148558,20688
880,0.0,21,12,0.0,0.0,0.0,0.0,17829,12945,0.004890462744690902,-5.315565888967463,26599
881,0.0,28,13,0.0,0.0,1.0,0.0,17876,15396,0.000333217147254237,-8.006382913971654,22452
882,0.0,25,14,0.0,0.0,1.0,0.0,17939,14322,0.00017073388201071732,-8.675233710762209,9974
883,0.0,54,12,0.0,0.0,1.0,0.0,18025,18798,1.3761467889908258e-05,-11.193624291540537,23643
884,0.0,26,16,0.0,0.0,1.0,0.0,18025,19872,0.00014699237337445725,-8.824982851160046,20983
885,0.0,26,16,0.0,0.0,1.0,0.0,18025,23274,0.00014699237337445725,-8.824982851160046,28076
886,0.0,49,13,0.0,0.0,1.0,0.0,18221,17903,0.00019517773659545232,-8.541404748030299,17732
887,0.0,21,13,1.0,0.0,0.0,0.0,18221,21125,0.017479939649784393,-4.0290668435022985,21870
888,0.0,26,16,0.0,0.0,1.0,0.0,18221,22379,0.00014699237337445725,-8.824982851160046,18471
889,0.0,30,12,1.0,0.0,1.0,0.0,18338,25422,0.0004436677173877096,-7.719990893806234,22165
890,0.0,21,13,0.0,0.0,1.0,0.0,18417,8951,0.0007483547605135881,-7.196884778745221,27337
891,0.0,33,12,0.0,0.0,1.0,0.0,18417,12890,0.0006017635970426273,-7.41504394099375,20688
892,0.0,33,12,0.0,0.0,1.0,0.0,18417,14412,0.0005805621836150655,-7.450932911004335,20688
893,0.0,40,12,0.0,0.0,1.0,0.0,18417,17545,1.8071812717494465e-05,-10.92113907000737,17289
894,0.0,27,16,0.0,0.0,1.0,0.0,18417,18798,0.00023790146428354818,-8.343416055868945,25860
895,0.0,21,12,0.0,0.0,1.0,0.0,18417,19693,0.0004759325018380276,-7.649758470855458,28224
896,0.0,31,12,0.0,0.0,1.0,0.0,18593,14814,0.00012641723658294855,-8.975796294949085,16254
897,0.0,27,14,1.0,0.0,1.0,0.0,18613,0,0.07350249119970914,-2.534092057375187,13299
898,0.0,47,17,0.0,0.0,1.0,0.0,18613,10025,0.00024698488769509696,-8.305936391235253,35465
899,0.0,32,12,1.0,0.0,1.0,0.0,18613,16112,0.000418351261691507,-7.7787707005567395,17732
900,0.0,28,12,1.0,0.0,0.0,0.0,18613,17008,0.016965985780723877,-4.059433218728654,19949
901,0.0,35,14,0.0,0.0,1.0,0.0,18613,19693,5.187264507119994e-05,-9.86666710267118,22424
902,0.0,26,14,0.0,0.0,1.0,0.0,18613,19693,0.00017908049597982123,-8.627496058463358,28076
903,0.0,37,12,0.0,0.0,1.0,0.0,18613,21483,1.8071812717494465e-05,-10.92113907000737,23052
904,0.0,23,12,0.0,0.0,0.0,0.0,18613,23274,0.005974948454597522,-5.114186938166204,32953
905,0.0,44,12,1.0,0.0,1.0,0.0,18613,23632,0.0007338554152708887,-7.216464405854048,19210
906,0.0,44,12,1.0,0.0,1.0,0.0,18613,23632,0.0007338554152708887,-7.216464405854048,19210
907,0.0,36,12,1.0,0.0,1.0,0.0,18613,25064,0.0003484914455766643,-7.961548322290556,33692
908,0.0,26,12,0.0,0.0,1.0,0.0,18677,18261,0.00023889574043621162,-8.339244409413736,24973
909,0.0,23,14,0.0,0.0,1.0,0.0,18722,21662,0.00017073388201071732,-8.675233710762209,28076
910,0.0,32,13,1.0,0.0,1.0,0.0,18808,14143,0.001154673634552387,-6.762782201641443,26599
911,0.0,33,12,0.0,0.0,0.0,0.0,18808,16028,0.0030890170335627566,-5.776808552901828,17502
912,0.0,37,12,1.0,0.0,1.0,0.0,18808,16112,0.0003484914455766643,-7.961548322290556,32509
913,0.0,27,12,0.0,0.0,1.0,0.0,18808,17187,0.00037525937679984796,-7.887517769817848,19505
914,0.0,43,12,0.0,0.0,1.0,0.0,18808,17903,1.3761467889908258e-05,-11.193624291540537,26155
915,0.0,27,16,0.0,0.0,1.0,0.0,18808,17903,0.00023790146428354818,-8.343416055868945,18471
916,0.0,24,12,0.0,0.0,1.0,0.0,18808,17903,0.00037073417712750776,-7.8996544529517,18323
917,0.0,24,12,0.0,0.0,1.0,0.0,18808,18798,0.00037073417712750776,-7.8996544529517,23052
918,0.0,34,12,1.0,0.0,0.0,0.0,18848,30435,0.011927651486293251,-4.4168965633895,12560
919,0.0,42,12,0.0,0.0,1.0,0.0,18879,17008,1.3761467889908258e-05,-11.193624291540537,19210
920,0.0,24,13,1.0,0.0,1.0,0.0,18881,16112,0.0007707987371013154,-7.167312163896118,12560
921,0.0,27,12,0.0,0.0,1.0,0.0,18924,11995,0.00039646079022740983,-7.832536872094192,22165
922,0.0,23,12,1.0,0.0,1.0,0.0,19004,13427,0.0016716066343941366,-6.392297053182126,13299
923,0.0,26,16,0.0,0.0,1.0,0.0,19004,16112,0.00014699237337445725,-8.824982851160046,26599
924,0.0,27,12,1.0,0.0,1.0,0.0,19004,19693,0.00045825637346854384,-7.6876234016578415,19210
925,0.0,37,12,1.0,0.0,1.0,0.0,19004,25959,0.0003484914455766643,-7.961548322290556,25860
926,0.0,37,12,0.0,0.0,1.0,0.0,19016,20893,1.8071812717494465e-05,-10.92113907000737,16993
927,0.0,26,12,0.0,1.0,1.0,0.0,19055,0,0.028000593760136437,-3.5471294779263904,13299
928,0.0,23,12,0.0,0.0,1.0,0.0,19096,20683,0.00042932003571336636,-7.752878500945118,16993
929,0.0,26,13,0.0,0.0,1.0,0.0,19200,14680,0.0015860011774610021,-6.444952153151828,18471
930,0.0,27,16,0.0,0.0,1.0,0.0,19200,17688,0.00023790146428354818,-8.343416055868945,0
931,0.0,27,12,0.0,0.0,0.0,0.0,19200,19514,0.003089794790375869,-5.776556023097654,23643
932,0.0,29,14,0.0,0.0,1.0,0.0,19200,21483,1.2656958796690135e-05,-11.277290734497615,23052
933,0.0,25,16,0.0,0.0,1.0,0.0,19200,22558,0.00013864575940535334,-8.88344971588606,33396
934,0.0,26,12,0.0,0.0,1.0,0.0,19263,13024,0.00026009715386377354,-8.254195197053695,24627
935,0.0,22,14,0.0,0.0,1.0,0.0,19279,17616,0.00017073388201071732,-8.675233710762209,17289
936,0.0,28,12,0.0,0.0,1.0,0.0,19298,0,0.01569652255818109,-4.13849506682585,29554
937,0.0,46,12,0.0,0.0,1.0,0.0,19394,19201,1.3761467889908258e-05,-11.193624291540537,20431
938,0.0,33,17,0.0,0.0,0.0,0.0,19396,0,0.0347026338820106,-3.325620616834764,1539
939,0.0,23,12,0.0,0.0,1.0,0.0,19396,12532,0.00045052144914092823,-7.704654247229313,25121
940,0.0,23,12,0.0,0.0,1.0,0.0,19396,12532,0.00045052144914092823,-7.704654247229313,0
941,0.0,23,13,0.0,0.0,1.0,0.0,19396,17903,0.0007794409287853728,-7.156153908391106,31032
942,0.0,26,16,0.0,0.0,1.0,0.0,19396,25780,0.00014699237337445725,-8.824982851160046,25564
943,0.0,24,16,1.0,0.0,0.0,0.0,19494,15217,0.007256719767195562,-4.9185441971134205,23643
944,0.0,37,12,1.0,0.0,1.0,0.0,19586,12030,0.0010749183277386993,-6.8344350980184725,14777
945,0.0,50,16,0.0,0.0,0.0,0.0,19592,0,0.027311627750086706,-3.5727512192847635,23643
946,0.0,26,13,0.0,0.0,1.0,0.0,19592,0,0.03128672910045955,-3.432774648802545,23643
947,0.0,21,12,1.0,0.0,0.0,0.0,19592,716,0.6198290033491477,0.48882249625805757,22165
948,0.0,25,12,1.0,0.0,1.0,0.0,19592,5370,0.022174331434084565,-3.786396022938594,24642
949,0.0,24,13,1.0,0.0,1.0,0.0,19592,11637,0.0008072673261013963,-7.121048092097138,18442
950,0.0,24,12,1.0,0.0,0.0,0.0,19592,11995,0.021470733160544122,-3.81935993684455,19210
951,0.0,32,14,1.0,0.0,1.0,0.0,19592,12335,0.0005913287711537779,-7.432546895190184,14777
952,0.0,27,16,0.0,0.0,1.0,0.0,19592,12532,0.00023790146428354818,-8.343416055868945,17720
953,0.0,21,12,0.0,1.0,1.0,0.0,19592,12532,0.004978516473046581,-5.297632378732031,17732
954,0.0,24,16,0.0,0.0,1.0,0.0,19592,12890,0.00013864575940535334,-8.88344971588606,31032
955,0.0,45,14,0.0,0.0,1.0,0.0,19592,13606,0.00024698488769509696,-8.305936391235253,17732
956,0.0,38,12,0.0,0.0,1.0,0.0,19592,13964,1.8071812717494465e-05,-10.92113907000737,16286
957,0.0,27,15,0.0,0.0,1.0,0.0,19592,14859,0.00023790146428354818,-8.343416055868945,23643
958,0.0,20,12,1.0,0.0,1.0,0.0,19592,16709,0.0009795061748623754,-6.927482030298676,12708
959,0.0,23,12,1.0,0.0,1.0,0.0,19592,17008,0.0016351380453940557,-6.414391570420706,22165
960,0.0,33,12,0.0,0.0,1.0,0.0,19592,17008,0.0005805621836150655,-7.450932911004335,25014
961,0.0,24,13,0.0,0.0,1.0,0.0,19592,17187,0.0007794409287853728,-7.156153908391106,22313
962,0.0,44,12,0.0,0.0,1.0,0.0,19592,17187,1.3761467889908258e-05,-11.193624291540537,15368
963,0.0,34,12,1.0,0.0,1.0,0.0,19592,17366,0.0004218668772854293,-7.770398794476631,19210
964,0.0,23,12,1.0,0.0,1.0,0.0,19592,17366,0.0016351380453940557,-6.414391570420706,14777
965,0.0,27,12,1.0,0.0,1.0,0.0,19592,17724,0.00045825637346854384,-7.6876234016578415,25121
966,0.0,25,16,0.0,0.0,1.0,0.0,19592,17903,0.00013864575940535334,-8.88344971588606,25712
967,0.0,22,12,0.0,0.0,1.0,0.0,19592,17903,0.0004537102796158054,-7.697597901016415,23643
968,0.0,24,16,0.0,0.0,0.0,0.0,19592,17903,0.0006206561810445127,-7.384112434198322,16993
969,0.0,23,12,0.0,0.0,1.0,0.0,19592,17903,0.00042932003571336636,-7.752878500945118,16254
970,0.0,31,16,0.0,0.0,1.0,0.0,19592,17903,8.346613969103928e-06,-11.693646267377375,17732
971,0.0,23,12,1.0,0.0,1.0,0.0,19592,17903,0.0016351380453940557,-6.414391570420706,26599
972,0.0,27,12,0.0,0.0,1.0,0.0,19592,18082,0.00037525937679984796,-7.887517769817848,32657
973,0.0,20,12,1.0,0.0,1.0,0.0,19592,18619,0.0009795061748623754,-6.927482030298676,23643
974,0.0,20,12,0.0,0.0,1.0,0.0,19592,18798,0.0005811956597327645,-7.449841729445446,17732
975,0.0,52,15,0.0,0.0,1.0,0.0,19592,18798,4.819277108433735e-06,-12.242881799364168,17437
976,0.0,33,16,0.0,0.0,1.0,0.0,19592,19335,0.00018027643853050742,-8.62083882285798,26599
977,0.0,40,12,0.0,0.0,1.0,0.0,19592,19335,1.8071812717494465e-05,-10.92113907000737,21279
978,0.0,31,12,1.0,0.0,1.0,0.0,19592,19466,0.000418351261691507,-7.7787707005567395,20259
979,0.0,35,12,0.0,0.0,1.0,0.0,19592,19693,8.784186287970149e-05,-9.339884527059855,22535
980,0.0,33,12,0.0,0.0,0.0,0.0,19592,19693,0.0030890170335627566,-5.776808552901828,13299
981,0.0,22,12,0.0,0.0,1.0,0.0,19592,19693,0.0004537102796158054,-7.697597901016415,17732
982,0.0,29,16,1.0,0.0,1.0,0.0,19592,20588,0.0006451936578457425,-7.345314639626004,42854
983,0.0,26,12,0.0,0.0,1.0,0.0,19592,21125,0.00023889574043621162,-8.339244409413736,21982
984,0.0,23,12,0.0,0.0,1.0,0.0,19592,21215,0.00042932003571336636,-7.752878500945118,24884
985,0.0,30,12,0.0,0.0,1.0,0.0,19592,21483,0.00012641723658294855,-8.975796294949085,23348
986,0.0,43,12,0.0,0.0,1.0,0.0,19592,21483,1.3761467889908258e-05,-11.193624291540537,22165
987,0.0,43,12,0.0,0.0,1.0,0.0,19592,21483,1.3761467889908258e-05,-11.193624291540537,22165
988,0.0,31,12,0.0,0.0,1.0,0.0,19592,21483,0.00012641723658294855,-8.975796294949085,25121
989,0.0,23,12,0.0,0.0,1.0,0.0,19592,21483,0.00042932003571336636,-7.752878500945118,20688
990,0.0,23,13,0.0,0.0,1.0,0.0,19592,21483,0.0007794409287853728,-7.156153908391106,21279
991,0.0,28,16,0.0,0.0,1.0,0.0,19592,21483,8.346613969103928e-06,-11.693646267377375,32509
992,0.0,30,12,0.0,0.0,1.0,0.0,19592,21483,0.00012641723658294855,-8.975796294949085,29554
993,0.0,53,12,1.0,0.0,1.0,0.0,19592,21483,0.00022706808495414667,-8.390033557866474,23643
994,0.0,32,12,0.0,0.0,1.0,0.0,19592,21483,0.00012641723658294855,-8.975796294949085,29554
995,0.0,43,12,0.0,0.0,1.0,0.0,19592,21739,1.3761467889908258e-05,-11.193624291540537,29338
996,0.0,43,12,0.0,0.0,1.0,0.0,19592,21739,1.3761467889908258e-05,-11.193624291540537,29338
997,0.0,37,17,0.0,0.0,0.0,0.0,19592,23005,0.00020073848766799865,-8.513306794753666,22165
998,0.0,23,12,1.0,0.0,1.0,0.0,19592,23274,0.0016351380453940557,-6.414391570420706,21427
999,0.0,28,12,1.0,0.0,1.0,0.0,19592,24169,0.0003622476903763262,-7.922820039238624,25860
1000,0.0,27,14,1.0,0.0,0.0,0.0,19592,25064,0.008325751129768666,-4.780041417607508,28815
1001,0.0,46,12,0.0,0.0,0.0,0.0,19592,25064,0.004649880578184422,-5.36625301692106,29554
1002,0.0,30,12,1.0,0.0,1.0,0.0,19592,26854,0.0004436677173877096,-7.719990893806234,25897
1003,0.0,35,17,0.0,0.0,1.0,0.0,19592,44758,4.7562300243613733e-05,-9.953422558791281,36943
1004,0.0,26,15,0.0,0.0,1.0,0.0,19596,19335,0.00014699237337445725,-8.824982851160046,23643
1005,0.0,25,12,0.0,0.0,1.0,0.0,19641,8736,0.000705148081639762,-7.256397335513763,23643
1006,0.0,24,12,0.0,0.0,1.0,0.0,19706,6624,0.002035793597179718,-6.1948316934219205,25121
1007,0.0,22,14,0.0,0.0,1.0,0.0,19727,20141,0.00017073388201071732,-8.675233710762209,22284
1008,0.0,27,13,0.0,0.0,1.0,0.0,19735,20051,0.0016769102683700928,-6.389123986949514,36943
1009,0.0,36,12,1.0,0.0,1.0,0.0,19749,25064,0.0003484914455766643,-7.961548322290556,23643
1010,0.0,35,13,0.0,0.0,1.0,0.0,19788,21269,0.0002725341348612489,-8.207474114881144,14777
1011,0.0,34,12,1.0,0.0,1.0,0.0,19788,23274,0.0004218668772854293,-7.770398794476631,31032
1012,0.0,28,14,0.0,0.0,1.0,0.0,19984,12532,1.2656958796690135e-05,-11.277290734497615,31032
1013,0.0,18,12,0.0,0.0,1.0,0.0,19984,23274,0.0003847763979327937,-7.8624633265439705,26599
1014,0.0,21,12,0.0,0.0,1.0,0.0,20068,21215,0.0004759325018380276,-7.649758470855458,56892
1015,0.0,28,16,1.0,0.0,1.0,0.0,20082,19335,0.0003118603245124091,-8.072643239274223,21279
1016,0.0,24,14,0.0,0.0,1.0,0.0,20141,0,0.02185610785591762,-3.801176369975389,0
1017,0.0,30,12,0.0,0.0,1.0,0.0,20180,15754,0.00012641723658294855,-8.975796294949085,33987
1018,0.0,42,12,0.0,0.0,1.0,0.0,20180,17455,1.3761467889908258e-05,-11.193624291540537,0
1019,0.0,24,12,0.0,0.0,1.0,0.0,20180,19693,0.00037073417712750776,-7.8996544529517,29554
1020,0.0,40,12,0.0,0.0,1.0,0.0,20180,19693,1.8071812717494465e-05,-10.92113907000737,17732
1021,0.0,25,17,0.0,0.0,1.0,0.0,20180,21036,0.00013864575940535334,-8.88344971588606,22904
1022,0.0,27,17,0.0,0.0,1.0,0.0,20180,21578,0.00023790146428354818,-8.343416055868945,28520
1023,0.0,24,16,0.0,0.0,1.0,0.0,20200,17903,0.00013864575940535334,-8.88344971588606,42854
1024,0.0,25,16,1.0,0.0,0.0,0.0,20233,19335,0.007508571619047414,-4.884173125643216,23052
1025,0.0,53,16,0.0,0.0,1.0,0.0,20343,20112,4.819277108433735e-06,-12.242881799364168,19930
1026,0.0,28,12,0.0,0.0,1.0,0.0,20376,17903,0.00012641723658294855,-8.975796294949085,32509
1027,0.0,20,12,0.0,0.0,1.0,0.0,20376,18655,0.0005811956597327645,-7.449841729445446,16993
1028,0.0,26,12,0.0,0.0,1.0,0.0,20376,20946,0.00023889574043621162,-8.339244409413736,22165
1029,0.0,33,12,0.0,0.0,1.0,0.0,20503,21483,0.0005805621836150655,-7.450932911004335,20688
1030,0.0,24,14,0.0,0.0,0.0,0.0,20572,11637,0.0014531177863763007,-6.532589658829113,12412
1031,0.0,38,12,1.0,0.0,0.0,0.0,20572,14322,0.011818592643901078,-4.426192352348534,16254
1032,0.0,27,12,0.0,0.0,1.0,0.0,20572,17545,0.00037525937679984796,-7.887517769817848,24530
1033,0.0,31,13,0.0,0.0,1.0,0.0,20572,18798,0.000333217147254237,-8.006382913971654,29554
1034,0.0,26,15,0.0,0.0,1.0,0.0,20572,18798,0.00014699237337445725,-8.824982851160046,23643
1035,0.0,28,16,0.0,0.0,1.0,0.0,20572,18798,8.346613969103928e-06,-11.693646267377375,22165
1036,0.0,26,17,0.0,0.0,1.0,0.0,20572,18977,0.00014699237337445725,-8.824982851160046,35465
1037,0.0,52,12,0.0,0.0,1.0,0.0,20572,18977,1.3761467889908258e-05,-11.193624291540537,20688
1038,0.0,25,12,0.0,0.0,1.0,0.0,20572,20588,0.0006298926141581461,-7.369331115744954,22461
1039,0.0,24,12,0.0,0.0,1.0,0.0,20572,20767,0.00037073417712750776,-7.8996544529517,22165
1040,0.0,41,12,0.0,0.0,1.0,0.0,20572,21483,1.8071812717494465e-05,-10.92113907000737,25310
1041,0.0,40,12,0.0,0.0,1.0,0.0,20572,24772,1.8071812717494465e-05,-10.92113907000737,32586
1042,0.0,40,12,0.0,0.0,1.0,0.0,20572,24772,1.8071812717494465e-05,-10.92113907000737,32586
1043,0.0,32,13,0.0,0.0,1.0,0.0,20572,25064,0.000333217147254237,-8.006382913971654,7388
1044,0.0,24,12,1.0,0.0,1.0,0.0,20572,25959,0.000997196703360339,-6.909564817981728,31032
1045,0.0,46,12,1.0,0.0,1.0,0.0,20572,32225,0.0007338554152708887,-7.216464405854048,7882
1046,0.0,31,13,0.0,0.0,1.0,0.0,20572,33658,0.000333217147254237,-8.006382913971654,31032
1047,0.0,25,15,0.0,0.0,0.0,0.0,20738,21483,0.0002873228477111794,-8.15461670538627,39011
1048,0.0,29,12,0.0,0.0,1.0,0.0,20768,0,0.01643577195709914,-4.091722764955436,44331
1049,0.0,25,14,0.0,0.0,0.0,0.0,20768,14322,0.0011197844530429673,-6.793498652956641,17437
1050,0.0,42,16,0.0,0.0,1.0,0.0,20768,19693,4.819277108433735e-06,-12.242881799364168,22165
1051,0.0,24,12,0.0,0.0,1.0,0.0,20768,23274,0.00037073417712750776,-7.8996544529517,27485
1052,0.0,25,14,1.0,0.0,1.0,0.0,20768,23274,0.0004897628700273811,-7.621099339872331,26303
1053,0.0,44,12,0.0,0.0,1.0,0.0,20895,12174,0.00027712849190413333,-8.190752122742108,20963
1054,0.0,27,12,0.0,0.0,0.0,0.0,20964,18440,0.003089794790375869,-5.776556023097654,23348
1055,0.0,28,14,0.0,0.0,1.0,0.0,20964,20588,1.2656958796690135e-05,-11.277290734497615,28446
1056,0.0,33,16,0.0,0.0,1.0,0.0,20964,21483,0.00018027643853050742,-8.62083882285798,22018
1057,0.0,25,16,0.0,0.0,1.0,0.0,20964,24706,0.00013864575940535334,-8.88344971588606,26229
1058,0.0,26,12,1.0,0.0,1.0,0.0,21116,22379,0.00041280182801399837,-7.792130028424098,25121
1059,0.0,39,12,0.0,0.0,1.0,0.0,21138,20366,1.8071812717494465e-05,-10.92113907000737,15049
1060,0.0,31,14,0.0,0.0,1.0,0.0,21140,20141,1.2656958796690135e-05,-11.277290734497615,19653
1061,0.0,31,14,0.0,0.0,1.0,0.0,21140,20141,1.2656958796690135e-05,-11.277290734497615,19653
1062,0.0,23,13,1.0,0.0,1.0,0.0,21160,17903,0.001408740079135032,-6.56364980166639,23643
1063,0.0,42,12,0.0,0.0,1.0,0.0,21160,21483,1.3761467889908258e-05,-11.193624291540537,12232
1064,0.0,36,14,0.0,0.0,1.0,0.0,21160,23460,9.129621936019942e-06,-11.603977143530358,0
1065,0.0,26,12,0.0,0.0,1.0,0.0,21160,24169,0.00023889574043621162,-8.339244409413736,21279
1066,0.0,46,17,0.0,0.0,0.0,0.0,21258,24094,0.00035458464151415253,-7.944208829883482,24787
1067,0.0,31,12,0.0,0.0,1.0,0.0,21356,15038,0.00012641723658294855,-8.975796294949085,35465
1068,0.0,27,12,1.0,0.0,1.0,0.0,21356,20588,0.00045825637346854384,-7.6876234016578415,21722
1069,0.0,25,12,0.0,1.0,1.0,0.0,21512,26586,0.0008886363550335781,-7.024933424163575,25558
1070,0.0,42,16,0.0,0.0,1.0,0.0,21551,0,0.007280129078840021,-4.915299927779628,41376
1071,0.0,28,12,0.0,0.0,1.0,0.0,21551,8366,0.0001476186500105104,-8.820730669148558,0
1072,0.0,28,12,0.0,0.0,1.0,0.0,21551,10562,0.0001476186500105104,-8.820730669148558,21722
1073,0.0,27,13,0.0,0.0,1.0,0.0,21551,14322,0.0016769102683700928,-6.389123986949514,16254
1074,0.0,35,12,1.0,0.0,1.0,0.0,21551,14322,0.0011703982478756235,-6.749240121591086,15638
1075,0.0,35,12,1.0,0.0,1.0,0.0,21551,14322,0.0011703982478756235,-6.749240121591086,15638
1076,0.0,26,12,0.0,0.0,1.0,0.0,21551,15217,0.00023889574043621162,-8.339244409413736,26599
1077,0.0,19,12,0.0,0.0,1.0,0.0,21551,15754,0.00042076008804492417,-7.773026900208689,19210
1078,0.0,29,12,0.0,0.0,1.0,0.0,21551,17008,0.00012641723658294855,-8.975796294949085,20688
1079,0.0,34,12,1.0,0.0,1.0,0.0,21551,17903,0.0004218668772854293,-7.770398794476631,25121
1080,0.0,28,16,0.0,0.0,1.0,0.0,21551,18619,8.346613969103928e-06,-11.693646267377375,44331
1081,0.0,31,16,0.0,0.0,1.0,0.0,21551,18798,8.346613969103928e-06,-11.693646267377375,23348
1082,0.0,37,15,1.0,0.0,0.0,0.0,21551,19210,0.0060439279852888645,-5.102638883271008,17732
1083,0.0,40,12,0.0,0.0,1.0,0.0,21551,19693,1.8071812717494465e-05,-10.92113907000737,31032
1084,0.0,37,12,0.0,0.0,1.0,0.0,21551,19693,1.8071812717494465e-05,-10.92113907000737,44331
1085,0.0,48,12,0.0,0.0,1.0,0.0,21551,20230,1.3761467889908258e-05,-11.193624291540537,0
1086,0.0,43,12,0.0,0.0,1.0,0.0,21551,20588,1.3761467889908258e-05,-11.193624291540537,19210
1087,0.0,26,16,0.0,0.0,1.0,0.0,21551,20588,0.00014699237337445725,-8.824982851160046,28815
1088,0.0,29,12,0.0,0.0,1.0,0.0,21551,20588,0.00012641723658294855,-8.975796294949085,19949
1089,0.0,27,12,0.0,0.0,1.0,0.0,21551,21120,0.00037525937679984796,-7.887517769817848,23052
1090,0.0,22,14,0.0,0.0,1.0,0.0,21551,21483,0.00017073388201071732,-8.675233710762209,23200
1091,0.0,23,12,0.0,0.0,1.0,0.0,21551,21483,0.00042932003571336636,-7.752878500945118,26599
1092,0.0,21,12,0.0,0.0,1.0,0.0,21551,21483,0.0004759325018380276,-7.649758470855458,12534
1093,0.0,36,12,0.0,0.0,1.0,0.0,21551,21483,1.8071812717494465e-05,-10.92113907000737,23643
1094,0.0,26,16,0.0,0.0,1.0,0.0,21551,21483,0.00014699237337445725,-8.824982851160046,29492
1095,0.0,33,12,0.0,0.0,1.0,0.0,21551,21483,0.0005805621836150655,-7.450932911004335,21427
1096,0.0,37,12,0.0,0.0,1.0,0.0,21551,22379,1.8071812717494465e-05,-10.92113907000737,24382
1097,0.0,29,16,0.0,0.0,0.0,0.0,21551,22737,0.00027766031994151284,-8.188834363205565,33248
1098,0.0,25,14,0.0,0.0,1.0,0.0,21551,22916,0.00017073388201071732,-8.675233710762209,31505
1099,0.0,27,16,0.0,0.0,1.0,0.0,21551,23274,0.00023790146428354818,-8.343416055868945,27633
1100,0.0,41,17,0.0,0.0,1.0,0.0,21551,23274,4.819277108433735e-06,-12.242881799364168,22904
1101,0.0,29,16,0.0,0.0,1.0,0.0,21551,23274,8.346613969103928e-06,-11.693646267377375,23643
1102,0.0,34,14,0.0,0.0,1.0,0.0,21551,23274,1.2656958796690135e-05,-11.277290734497615,22165
1103,0.0,45,12,0.0,0.0,1.0,0.0,21551,23632,1.3761467889908258e-05,-11.193624291540537,26633
1104,0.0,41,12,1.0,0.0,1.0,0.0,21551,24885,0.000591843580951362,-7.431676160569329,21427
1105,0.0,35,13,1.0,0.0,1.0,0.0,21551,25959,0.001918953036638644,-6.254054738500493,26423
1106,0.0,23,12,0.0,0.0,1.0,0.0,21551,25959,0.00042932003571336636,-7.752878500945118,58665
1107,0.0,43,17,0.0,0.0,0.0,0.0,21551,25959,0.0023545846415141524,-6.049033579064435,36943
1108,0.0,21,12,0.0,0.0,1.0,0.0,21551,26138,0.0004759325018380276,-7.649758470855458,38420
1109,0.0,22,12,0.0,0.0,1.0,0.0,21551,26765,0.0004537102796158054,-7.697597901016415,35465
1110,0.0,25,17,0.0,0.0,1.0,0.0,21551,31151,0.00013864575940535334,-8.88344971588606,53937
1111,0.0,23,16,0.0,0.0,1.0,0.0,21551,35806,0.00013864575940535334,-8.88344971588606,44331
1112,0.0,28,14,0.0,0.0,1.0,0.0,21649,26854,1.2656958796690135e-05,-11.277290734497615,22165
1113,0.0,44,13,0.0,0.0,1.0,0.0,21679,21918,0.00019517773659545232,-8.541404748030299,22165
1114,0.0,23,12,0.0,0.0,0.0,0.0,21747,11413,0.005996149868025083,-5.110623505425999,2216
1115,0.0,39,14,0.0,0.0,1.0,0.0,21747,21841,9.129621936019942e-06,-11.603977143530358,18619
1116,0.0,23,12,0.0,0.0,1.0,0.0,21865,21483,0.00042932003571336636,-7.752878500945118,25121
1117,0.0,24,14,1.0,0.0,1.0,0.0,21869,26353,0.0005305601294481225,-7.541046560547206,18767
1118,0.0,24,13,0.0,1.0,1.0,0.0,21922,24742,0.0007079610319310696,-7.252413293675989,35317
1119,0.0,51,12,0.0,0.0,1.0,0.0,21943,19156,1.3761467889908258e-05,-11.193624291540537,24382
1120,0.0,34,12,0.0,0.0,1.0,0.0,21943,20409,4.862617660519169e-05,-9.931299931423448,21131
1121,0.0,27,12,0.0,0.0,1.0,0.0,21943,20588,0.00037525937679984796,-7.887517769817848,18323
1122,0.0,29,17,0.0,0.0,1.0,0.0,21943,21752,8.346613969103928e-06,-11.693646267377375,22165
1123,0.0,26,14,1.0,0.0,1.0,0.0,21943,25959,0.000498109483996485,-7.604192424138279,36943
1124,0.0,26,13,0.0,1.0,1.0,0.0,21953,5671,0.01409813987304894,-4.247513951524896,25860
1125,0.0,23,14,0.0,0.0,0.0,0.0,22139,18798,0.0017204960020303782,-6.363420678699793,41376
1126,0.0,46,12,0.0,0.0,1.0,0.0,22139,22622,1.3761467889908258e-05,-11.193624291540537,23643
1127,0.0,27,12,0.0,0.0,0.0,0.0,22139,25422,0.003089794790375869,-5.776556023097654,61768
1128,0.0,30,17,1.0,0.0,1.0,0.0,22139,27929,0.00039328035152379236,-7.840594480054727,33248
1129,0.0,25,12,1.0,0.0,1.0,0.0,22139,33300,0.002519087629061582,-5.981336229106194,29554
1130,0.0,27,14,0.0,0.0,1.0,0.0,22218,23306,0.0002699895868889122,-8.216857140747091,26599
1131,0.0,27,17,0.0,0.0,1.0,0.0,22237,22379,0.00023790146428354818,-8.343416055868945,14777
1132,0.0,50,12,0.0,0.0,1.0,0.0,22306,27544,1.3761467889908258e-05,-11.193624291540537,26876
1133,0.0,50,12,0.0,0.0,1.0,0.0,22306,27544,1.3761467889908258e-05,-11.193624291540537,26876
1134,0.0,50,12,0.0,0.0,1.0,0.0,22306,27544,1.3761467889908258e-05,-11.193624291540537,26876
1135,0.0,48,12,0.0,0.0,1.0,0.0,22321,23881,1.3761467889908258e-05,-11.193624291540537,25399
1136,0.0,24,16,0.0,0.0,1.0,0.0,22335,22880,0.00013864575940535334,-8.88344971588606,29037
1137,0.0,25,12,0.0,1.0,1.0,0.0,22335,24169,0.0008886363550335781,-7.024933424163575,31032
1138,0.0,37,12,0.0,0.0,1.0,0.0,22441,16385,1.8071812717494465e-05,-10.92113907000737,23269
1139,0.0,37,12,0.0,0.0,1.0,0.0,22441,16385,1.8071812717494465e-05,-10.92113907000737,23269
1140,0.0,29,12,1.0,0.0,1.0,0.0,22531,18619,0.0006955810237096595,-7.270067233267234,23643
1141,0.0,27,15,0.0,0.0,1.0,0.0,22531,20588,0.00023790146428354818,-8.343416055868945,35465
1142,0.0,41,12,0.0,1.0,1.0,0.0,22531,20946,0.00021586921850079744,-8.440621911033134,22165
1143,0.0,29,12,0.0,0.0,1.0,0.0,22531,21483,0.00012641723658294855,-8.975796294949085,22165
1144,0.0,27,16,0.0,0.0,1.0,0.0,22531,21483,0.00023790146428354818,-8.343416055868945,23643
1145,0.0,44,12,0.0,0.0,1.0,0.0,22531,22379,1.3761467889908258e-05,-11.193624291540537,23643
1146,0.0,26,13,0.0,0.0,1.0,0.0,22531,22379,0.0015860011774610021,-6.444952153151828,37238
1147,0.0,34,12,0.0,0.0,1.0,0.0,22531,22379,4.862617660519169e-05,-9.931299931423448,26599
1148,0.0,20,12,0.0,0.0,1.0,0.0,22531,23274,0.0005811956597327645,-7.449841729445446,24382
1149,0.0,43,14,0.0,0.0,1.0,0.0,22531,23274,4.819277108433735e-06,-12.242881799364168,28520
1150,0.0,47,12,0.0,1.0,1.0,0.0,22531,25028,0.00015526315789473683,-8.770233812584383,25564
1151,0.0,31,12,0.0,0.0,1.0,0.0,22531,25064,0.00012641723658294855,-8.975796294949085,29554
1152,0.0,33,12,0.0,0.0,1.0,0.0,22531,26496,0.0005805621836150655,-7.450932911004335,24973
1153,0.0,24,12,1.0,0.0,0.0,0.0,22531,26854,0.02143426457154404,-3.821097174614049,29554
1154,0.0,27,16,0.0,0.0,0.0,0.0,22531,30435,0.00023114869203453618,-8.372218190648834,42854
1155,0.0,23,14,0.0,0.0,1.0,0.0,22531,33658,0.00017073388201071732,-8.675233710762209,26599
1156,0.0,27,17,0.0,0.0,1.0,0.0,22594,18261,0.00023790146428354818,-8.343416055868945,28815
1157,0.0,50,16,0.0,0.0,0.0,0.0,22629,19693,0.0003374906244201355,-7.993635279946244,17732
1158,0.0,22,14,0.0,0.0,1.0,0.0,22682,24706,0.00017073388201071732,-8.675233710762209,20688
1159,0.0,31,12,1.0,0.0,1.0,0.0,22727,1503,0.07885063686336412,-2.4580668077908334,27781
1160,0.0,34,12,0.0,0.0,1.0,0.0,22727,18619,4.862617660519169e-05,-9.931299931423448,20688
1161,0.0,28,12,0.0,0.0,1.0,0.0,22727,20051,0.00012641723658294855,-8.975796294949085,22904
1162,0.0,26,12,0.0,0.0,1.0,0.0,22727,21483,0.00023889574043621162,-8.339244409413736,26599
1163,0.0,46,12,0.0,0.0,1.0,0.0,22727,21841,1.3761467889908258e-05,-11.193624291540537,22904
1164,0.0,27,17,0.0,0.0,1.0,0.0,22727,22379,0.00023790146428354818,-8.343416055868945,24086
1165,0.0,47,13,0.0,0.0,1.0,0.0,22727,22558,0.00019517773659545232,-8.541404748030299,24382
1166,0.0,29,17,0.0,0.0,1.0,0.0,22923,21483,8.346613969103928e-06,-11.693646267377375,27042
1167,0.0,24,16,0.0,0.0,0.0,0.0,22923,22379,0.0006206561810445127,-7.384112434198322,26451
1168,0.0,30,16,0.0,0.0,1.0,0.0,22923,23274,8.346613969103928e-06,-11.693646267377375,28076
1169,0.0,23,12,0.0,0.0,1.0,0.0,22982,24033,0.00042932003571336636,-7.752878500945118,14777
1170,0.0,27,15,0.0,0.0,1.0,0.0,23119,0,0.015470762715139625,-4.1532116290129695,0
1171,0.0,25,12,0.0,0.0,1.0,0.0,23119,24074,0.0006298926141581461,-7.369331115744954,25195
1172,0.0,26,12,0.0,0.0,1.0,0.0,23315,26767,0.00023889574043621162,-8.339244409413736,27633
1173,0.0,26,12,0.0,0.0,1.0,0.0,23511,0,0.019058294219533752,-3.9410106356196475,0
1174,0.0,25,12,0.0,0.0,1.0,0.0,23511,11279,0.0006510940275857079,-7.336205184488645,21279
1175,0.0,32,12,0.0,0.0,1.0,0.0,23511,13785,0.0001476186500105104,-8.820730669148558,31032
1176,0.0,32,12,0.0,1.0,1.0,0.0,23511,13964,0.0003971876153392245,-7.8307045396754456,66497
1177,0.0,50,16,0.0,0.0,0.0,0.0,23511,14322,0.0003374906244201355,-7.993635279946244,39973
1178,0.0,25,13,0.0,0.0,0.0,0.0,23511,14322,0.0023719635044016627,-6.041662402901543,20850
1179,0.0,33,12,1.0,0.0,1.0,0.0,23511,14322,0.00043409929318757,-7.7418030703433915,23643
1180,0.0,27,12,0.0,0.0,1.0,0.0,23511,15038,0.00037525937679984796,-7.887517769817848,12738
1181,0.0,28,16,1.0,0.0,1.0,0.0,23511,16112,0.0003118603245124091,-8.072643239274223,22018
1182,0.0,28,12,0.0,0.0,1.0,0.0,23511,16112,0.00012641723658294855,-8.975796294949085,0
1183,0.0,38,12,0.0,0.0,1.0,0.0,23511,16112,1.8071812717494465e-05,-10.92113907000737,30293
1184,0.0,31,12,0.0,0.0,1.0,0.0,23511,17903,0.00012641723658294855,-8.975796294949085,22165
1185,0.0,28,12,0.0,0.0,1.0,0.0,23511,18798,0.00012641723658294855,-8.975796294949085,36943
1186,0.0,43,12,1.0,0.0,1.0,0.0,23511,19421,0.0007338554152708887,-7.216464405854048,13559
1187,0.0,23,12,0.0,0.0,1.0,0.0,23511,19854,0.00042932003571336636,-7.752878500945118,18914
1188,0.0,55,12,0.0,0.0,1.0,0.0,23511,20588,1.3761467889908258e-05,-11.193624291540537,22165
1189,0.0,34,17,0.0,0.0,1.0,0.0,23511,20588,8.346613969103928e-06,-11.693646267377375,23421
1190,0.0,28,17,0.0,0.0,1.0,0.0,23511,20946,8.346613969103928e-06,-11.693646267377375,69453
1191,0.0,31,14,0.0,0.0,1.0,0.0,23511,21483,1.2656958796690135e-05,-11.277290734497615,27830
1192,0.0,28,12,0.0,0.0,1.0,0.0,23511,21483,0.00012641723658294855,-8.975796294949085,23643
1193,0.0,25,12,0.0,1.0,1.0,0.0,23511,21483,0.0008886363550335781,-7.024933424163575,25121
1194,0.0,54,15,0.0,0.0,1.0,0.0,23511,21483,4.819277108433735e-06,-12.242881799364168,59109
1195,0.0,42,12,1.0,0.0,0.0,0.0,23511,21483,0.016413724965034286,-4.0930874834908035,22165
1196,0.0,35,12,0.0,0.0,1.0,0.0,23511,21483,8.784186287970149e-05,-9.339884527059855,29554
1197,0.0,27,13,0.0,0.0,0.0,0.0,23511,21483,0.0021253131582488287,-6.151708544034406,22165
1198,0.0,45,12,0.0,0.0,1.0,0.0,23511,21483,1.3761467889908258e-05,-11.193624291540537,0
1199,0.0,26,12,1.0,0.0,1.0,0.0,23511,21483,0.00041280182801399837,-7.792130028424098,31623
1200,0.0,28,16,0.0,0.0,1.0,0.0,23511,21483,8.346613969103928e-06,-11.693646267377375,11821
1201,0.0,30,16,0.0,0.0,1.0,0.0,23511,21483,8.346613969103928e-06,-11.693646267377375,22165
1202,0.0,24,12,0.0,1.0,1.0,0.0,23511,21483,0.0008104754354933483,-7.117078721042436,23052
1203,0.0,26,14,0.0,0.0,1.0,0.0,23511,22020,0.00017908049597982123,-8.627496058463358,22165
1204,0.0,35,14,0.0,0.0,1.0,0.0,23511,22379,5.187264507119994e-05,-9.86666710267118,22165
1205,0.0,42,17,0.0,0.0,1.0,0.0,23511,22379,4.819277108433735e-06,-12.242881799364168,0
1206,0.0,42,17,0.0,0.0,1.0,0.0,23511,22379,4.819277108433735e-06,-12.242881799364168,0
1207,0.0,28,16,0.0,0.0,1.0,0.0,23511,22379,8.346613969103928e-06,-11.693646267377375,27337
1208,0.0,28,12,0.0,0.0,1.0,0.0,23511,22379,0.00012641723658294855,-8.975796294949085,29554
1209,0.0,27,14,0.0,0.0,1.0,0.0,23511,22558,0.0002699895868889122,-8.216857140747091,23531
1210,0.0,35,16,0.0,0.0,1.0,0.0,23511,22737,4.7562300243613733e-05,-9.953422558791281,21834
1211,0.0,55,12,0.0,0.0,1.0,0.0,23511,22916,1.3761467889908258e-05,-11.193624291540537,17732
1212,0.0,36,14,0.0,0.0,1.0,0.0,23511,23274,9.129621936019942e-06,-11.603977143530358,33248
1213,0.0,42,16,0.0,1.0,1.0,0.0,23511,23274,5.481927710843374e-05,-9.811413833036136,29554
1214,0.0,22,12,0.0,0.0,1.0,0.0,23511,23274,0.0004537102796158054,-7.697597901016415,26155
1215,0.0,33,12,1.0,0.0,1.0,0.0,23511,23274,0.00043409929318757,-7.7418030703433915,36943
1216,0.0,38,12,0.0,0.0,1.0,0.0,23511,23274,1.8071812717494465e-05,-10.92113907000737,25121
1217,0.0,48,16,0.0,0.0,1.0,0.0,23511,23274,4.819277108433735e-06,-12.242881799364168,39898
1218,0.0,48,16,0.0,0.0,1.0,0.0,23511,23274,4.819277108433735e-06,-12.242881799364168,39898
1219,0.0,25,13,0.0,0.0,1.0,0.0,23511,23456,0.0017296692155065504,-6.358093926843487,26007
1220,0.0,23,14,0.0,0.0,1.0,0.0,23511,24169,0.00017073388201071732,-8.675233710762209,31032
1221,0.0,31,16,0.0,0.0,1.0,0.0,23511,24706,8.346613969103928e-06,-11.693646267377375,28963
1222,0.0,26,12,0.0,0.0,1.0,0.0,23511,24885,0.00023889574043621162,-8.339244409413736,26599
1223,0.0,32,12,0.0,0.0,1.0,0.0,23511,25064,0.00012641723658294855,-8.975796294949085,26599
1224,0.0,29,13,0.0,0.0,1.0,0.0,23511,25064,0.000333217147254237,-8.006382913971654,0
1225,0.0,29,13,0.0,0.0,1.0,0.0,23511,25064,0.000333217147254237,-8.006382913971654,0
1226,0.0,30,16,0.0,0.0,1.0,0.0,23511,25243,8.346613969103928e-06,-11.693646267377375,27042
1227,0.0,47,14,1.0,0.0,1.0,0.0,23511,25565,0.001403150640885845,-6.567630977094056,23974
1228,0.0,51,12,1.0,0.0,1.0,0.0,23511,25601,0.00022706808495414667,-8.390033557866474,25121
1229,0.0,26,14,0.0,0.0,1.0,0.0,23511,25780,0.00017908049597982123,-8.627496058463358,31032
1230,0.0,32,16,0.0,0.0,1.0,0.0,23511,25959,8.346613969103928e-06,-11.693646267377375,35465
1231,0.0,35,14,0.0,0.0,1.0,0.0,23511,26496,5.187264507119994e-05,-9.86666710267118,29554
1232,0.0,35,14,0.0,0.0,1.0,0.0,23511,26496,5.187264507119994e-05,-9.86666710267118,29554
1233,0.0,54,12,0.0,0.0,1.0,0.0,23511,26854,1.3761467889908258e-05,-11.193624291540537,2049
1234,0.0,55,12,0.0,0.0,1.0,0.0,23511,26854,1.3761467889908258e-05,-11.193624291540537,26599
1235,0.0,55,12,0.0,0.0,1.0,0.0,23511,26854,1.3761467889908258e-05,-11.193624291540537,26599
1236,0.0,38,12,0.0,0.0,1.0,0.0,23511,26854,1.8071812717494465e-05,-10.92113907000737,29554
1237,0.0,25,12,0.0,0.0,0.0,0.0,23511,26854,0.0035789546950966552,-5.6290991313397765,18176
1238,0.0,30,12,0.0,0.0,1.0,0.0,23511,28645,0.00012641723658294855,-8.975796294949085,32509
1239,0.0,25,17,0.0,0.0,1.0,0.0,23511,29003,0.00013864575940535334,-8.88344971588606,28076
1240,0.0,39,12,0.0,0.0,0.0,0.0,23511,31509,0.005320857589678676,-5.230785723785129,15516
1241,0.0,28,14,0.0,0.0,1.0,0.0,23511,32225,1.2656958796690135e-05,-11.277290734497615,36943
1242,0.0,47,12,1.0,0.0,1.0,0.0,23511,32225,0.00022706808495414667,-8.390033557866474,17732
1243,0.0,39,17,0.0,0.0,1.0,0.0,23511,35448,4.819277108433735e-06,-12.242881799364168,32509
1244,0.0,49,12,0.0,0.0,1.0,0.0,23511,35806,1.3761467889908258e-05,-11.193624291540537,23643
1245,0.0,21,12,0.0,0.0,1.0,0.0,23511,50129,0.0004759325018380276,-7.649758470855458,0
1246,0.0,31,14,0.0,0.0,1.0,0.0,23707,20767,1.2656958796690135e-05,-11.277290734497615,23939
1247,0.0,27,12,0.0,0.0,1.0,0.0,23707,21483,0.00037525937679984796,-7.887517769817848,33987
1248,0.0,37,12,0.0,0.0,1.0,0.0,23707,22200,1.8071812717494465e-05,-10.92113907000737,22904
1249,0.0,51,12,0.0,0.0,1.0,0.0,23707,22379,1.3761467889908258e-05,-11.193624291540537,19411
1250,0.0,29,12,0.0,0.0,1.0,0.0,23707,26854,0.00012641723658294855,-8.975796294949085,28076
1251,0.0,27,14,0.0,0.0,1.0,0.0,23707,29540,0.0002699895868889122,-8.216857140747091,23200
1252,0.0,24,13,0.0,0.0,1.0,0.0,23903,1790,0.05944624070748449,-2.7613964208274497,449
1253,0.0,32,12,0.0,0.0,1.0,0.0,23903,24812,0.00012641723658294855,-8.975796294949085,12412
1254,0.0,31,17,0.0,0.0,1.0,0.0,23903,25601,8.346613969103928e-06,-11.693646267377375,27042
1255,0.0,46,12,0.0,0.0,0.0,0.0,23918,12532,0.005961991082521076,-5.116370944737687,0
1256,0.0,40,15,0.0,1.0,1.0,0.0,24001,23274,5.481927710843374e-05,-9.811413833036136,26599
1257,0.0,27,16,0.0,0.0,1.0,0.0,24098,7161,0.0005242330447327758,-7.5530498601522185,36204
1258,0.0,27,17,0.0,0.0,1.0,0.0,24098,22200,0.00023790146428354818,-8.343416055868945,25860
1259,0.0,28,14,0.0,0.0,1.0,0.0,24098,22379,1.2656958796690135e-05,-11.277290734497615,27337
1260,0.0,29,17,0.0,0.0,1.0,0.0,24098,24527,8.346613969103928e-06,-11.693646267377375,23643
1261,0.0,36,13,0.0,0.0,1.0,0.0,24098,25064,0.00019948808142303853,-8.519556557677586,25564
1262,0.0,23,12,0.0,0.0,1.0,0.0,24098,26854,0.00042932003571336636,-7.752878500945118,17437
1263,0.0,28,12,0.0,0.0,1.0,0.0,24294,18261,0.00012641723658294855,-8.975796294949085,21427
1264,0.0,28,12,0.0,0.0,1.0,0.0,24383,15217,0.00012641723658294855,-8.975796294949085,19210
1265,0.0,34,12,0.0,0.0,1.0,0.0,24486,22200,4.862617660519169e-05,-9.931299931423448,22904
1266,0.0,41,12,0.0,0.0,1.0,0.0,24490,14322,1.8071812717494465e-05,-10.92113907000737,22165
1267,0.0,25,13,0.0,0.0,1.0,0.0,24490,18261,0.0017296692155065504,-6.358093926843487,0
1268,0.0,45,12,0.0,0.0,1.0,0.0,24490,21483,1.3761467889908258e-05,-11.193624291540537,10639
1269,0.0,45,12,1.0,0.0,1.0,0.0,24490,21483,0.0007338554152708887,-7.216464405854048,28076
1270,0.0,41,12,0.0,0.0,1.0,0.0,24490,21483,1.8071812717494465e-05,-10.92113907000737,33987
1271,0.0,35,16,0.0,0.0,0.0,0.0,24490,21841,0.00024348151080317868,-8.320226038160401,24825
1272,0.0,35,13,1.0,0.0,1.0,0.0,24490,23274,0.001918953036638644,-6.254054738500493,25121
1273,0.0,29,16,0.0,0.0,1.0,0.0,24490,23453,8.346613969103928e-06,-11.693646267377375,25860
1274,0.0,28,13,0.0,0.0,1.0,0.0,24490,23868,0.000333217147254237,-8.006382913971654,23495
1275,0.0,35,13,0.0,0.0,1.0,0.0,24490,23990,0.0002725341348612489,-8.207474114881144,22165
1276,0.0,35,16,0.0,0.0,1.0,0.0,24490,24169,4.7562300243613733e-05,-9.953422558791281,25638
1277,0.0,30,12,0.0,0.0,1.0,0.0,24490,25064,0.00012641723658294855,-8.975796294949085,29554
1278,0.0,29,12,0.0,0.0,1.0,0.0,24490,25064,0.00012641723658294855,-8.975796294949085,28076
1279,0.0,26,14,1.0,0.0,1.0,0.0,24490,25717,0.000498109483996485,-7.604192424138279,26643
1280,0.0,28,16,0.0,0.0,1.0,0.0,24490,26460,8.346613969103928e-06,-11.693646267377375,45809
1281,0.0,30,16,0.0,0.0,1.0,0.0,24490,26854,8.346613969103928e-06,-11.693646267377375,38420
1282,0.0,26,17,0.0,0.0,0.0,0.0,24490,26854,0.00023114869203453618,-8.372218190648834,29702
1283,0.0,22,13,0.0,0.0,1.0,0.0,24490,26854,0.0007794409287853728,-7.156153908391106,39159
1284,0.0,22,12,0.0,0.0,1.0,0.0,24490,26854,0.0004537102796158054,-7.697597901016415,25121
1285,0.0,26,16,0.0,0.0,0.0,0.0,24490,27750,0.00023114869203453618,-8.372218190648834,9605
1286,0.0,43,12,1.0,0.0,1.0,0.0,24490,29355,0.0007338554152708887,-7.216464405854048,35465
1287,0.0,43,13,1.0,0.0,1.0,0.0,24490,34016,0.002679134200757906,-5.91957886656924,39898
1288,0.0,48,16,0.0,0.0,1.0,0.0,24663,18082,4.819277108433735e-06,-12.242881799364168,25121
1289,0.0,45,12,0.0,0.0,1.0,0.0,24686,15217,1.3761467889908258e-05,-11.193624291540537,27929
1290,0.0,27,12,1.0,0.0,1.0,0.0,24686,22558,0.00045825637346854384,-7.6876234016578415,22609
1291,0.0,44,17,0.0,0.0,1.0,0.0,24686,23274,4.819277108433735e-06,-12.242881799364168,23348
1292,0.0,26,16,0.0,0.0,1.0,0.0,24686,25422,0.00014699237337445725,-8.824982851160046,29554
1293,0.0,54,16,0.0,0.0,1.0,0.0,24686,26854,4.819277108433735e-06,-12.242881799364168,26451
1294,0.0,54,16,0.0,0.0,1.0,0.0,24686,26854,4.819277108433735e-06,-12.242881799364168,26451
1295,0.0,54,16,0.0,0.0,1.0,0.0,24686,26854,4.819277108433735e-06,-12.242881799364168,26451
1296,0.0,29,12,0.0,0.0,1.0,0.0,24686,27750,0.00012641723658294855,-8.975796294949085,24382
1297,0.0,22,12,0.0,0.0,1.0,0.0,24765,21594,0.0004537102796158054,-7.697597901016415,34320
1298,0.0,39,17,0.0,0.0,1.0,0.0,24823,25064,4.819277108433735e-06,-12.242881799364168,27061
1299,0.0,35,16,0.0,0.0,1.0,0.0,24882,24527,4.7562300243613733e-05,-9.953422558791281,36943
1300,0.0,44,12,0.0,0.0,1.0,0.0,24882,27929,1.3761467889908258e-05,-11.193624291540537,25121
1301,0.0,32,16,0.0,0.0,1.0,0.0,24980,25064,8.346613969103928e-06,-11.693646267377375,26599
1302,0.0,27,17,0.0,0.0,1.0,0.0,25078,19693,0.00023790146428354818,-8.343416055868945,24530
1303,0.0,27,17,0.0,0.0,1.0,0.0,25078,19693,0.00023790146428354818,-8.343416055868945,24530
1304,0.0,26,12,0.0,0.0,1.0,0.0,25078,23274,0.00023889574043621162,-8.339244409413736,26599
1305,0.0,46,12,0.0,0.0,1.0,0.0,25078,24169,1.3761467889908258e-05,-11.193624291540537,26780
1306,0.0,25,16,0.0,0.0,0.0,0.0,25078,25601,0.0002873228477111794,-8.15461670538627,30145
1307,0.0,35,12,0.0,0.0,1.0,0.0,25078,26854,8.784186287970149e-05,-9.339884527059855,29554
1308,0.0,33,16,0.0,0.0,1.0,0.0,25078,26854,0.00018027643853050742,-8.62083882285798,24448
1309,0.0,26,16,0.0,0.0,1.0,0.0,25078,30793,0.00014699237337445725,-8.824982851160046,36943
1310,0.0,26,12,1.0,0.0,1.0,0.0,25088,23274,0.00041280182801399837,-7.792130028424098,29554
1311,0.0,20,12,0.0,0.0,1.0,0.0,25294,18798,0.0005811956597327645,-7.449841729445446,25121
1312,0.0,49,12,0.0,0.0,1.0,0.0,25470,17953,1.3761467889908258e-05,-11.193624291540537,20244
1313,0.0,25,13,0.0,0.0,1.0,0.0,25470,18798,0.0017296692155065504,-6.358093926843487,23643
1314,0.0,28,12,1.0,0.0,0.0,0.0,25470,19693,0.016965985780723877,-4.059433218728654,26599
1315,0.0,28,13,0.0,0.0,1.0,0.0,25470,19693,0.000333217147254237,-8.006382913971654,26599
1316,0.0,35,12,1.0,0.0,1.0,0.0,25470,21483,0.0011703982478756235,-6.749240121591086,26599
1317,0.0,27,12,0.0,0.0,0.0,0.0,25470,21483,0.003089794790375869,-5.776556023097654,25121
1318,0.0,44,12,0.0,0.0,1.0,0.0,25470,21483,1.3761467889908258e-05,-11.193624291540537,25634
1319,0.0,23,12,0.0,1.0,1.0,0.0,25470,21483,0.008650879475897391,-4.7414057741449,32509
1320,0.0,32,12,1.0,0.0,1.0,0.0,25470,22379,0.000418351261691507,-7.7787707005567395,31771
1321,0.0,24,12,0.0,0.0,1.0,0.0,25470,22737,0.00037073417712750776,-7.8996544529517,25121
1322,0.0,27,12,0.0,0.0,1.0,0.0,25470,23095,0.00037525937679984796,-7.887517769817848,31032
1323,0.0,46,12,0.0,0.0,1.0,0.0,25470,23274,1.3761467889908258e-05,-11.193624291540537,29554
1324,0.0,31,12,0.0,0.0,1.0,0.0,25470,23274,0.00012641723658294855,-8.975796294949085,22165
1325,0.0,27,15,1.0,0.0,0.0,0.0,25470,24169,0.004627675978505981,-5.371062068568581,29554
1326,0.0,51,16,0.0,0.0,0.0,0.0,25470,24169,0.0003374906244201355,-7.993635279946244,12708
1327,0.0,43,12,1.0,0.0,1.0,0.0,25470,25064,0.0007338554152708887,-7.216464405854048,25121
1328,0.0,32,16,1.0,0.0,1.0,0.0,25470,25422,0.00036796389582758986,-7.907157702161366,30145
1329,0.0,37,12,0.0,0.0,0.0,0.0,25470,25780,0.0027521563633687534,-5.892614591931871,22461
1330,0.0,37,12,0.0,0.0,0.0,0.0,25470,25780,0.0027521563633687534,-5.892614591931871,22461
1331,0.0,30,12,0.0,0.0,1.0,0.0,25470,25959,0.00012641723658294855,-8.975796294949085,28076
1332,0.0,45,12,1.0,0.0,1.0,0.0,25470,26695,0.0007338554152708887,-7.216464405854048,27898
1333,0.0,45,12,1.0,0.0,1.0,0.0,25470,26695,0.0007338554152708887,-7.216464405854048,27898
1334,0.0,49,17,0.0,0.0,1.0,0.0,25470,26854,4.819277108433735e-06,-12.242881799364168,29554
1335,0.0,49,17,0.0,0.0,1.0,0.0,25470,26854,4.819277108433735e-06,-12.242881799364168,29554
1336,0.0,26,17,0.0,0.0,1.0,0.0,25470,26854,0.00014699237337445725,-8.824982851160046,44331
1337,0.0,37,13,0.0,0.0,1.0,0.0,25470,30435,0.00019948808142303853,-8.519556557677586,32509
1338,0.0,44,17,0.0,0.0,1.0,0.0,25470,30435,4.819277108433735e-06,-12.242881799364168,21427
1339,0.0,30,17,0.0,0.0,1.0,0.0,25470,31330,8.346613969103928e-06,-11.693646267377375,38420
1340,0.0,51,12,0.0,0.0,1.0,0.0,25470,32225,1.3761467889908258e-05,-11.193624291540537,29554
1341,0.0,28,17,0.0,0.0,1.0,0.0,25607,18091,8.346613969103928e-06,-11.693646267377375,22165
1342,0.0,29,16,0.0,0.0,1.0,0.0,25666,28287,8.346613969103928e-06,-11.693646267377375,35465
1343,0.0,40,12,0.0,0.0,1.0,0.0,25707,20409,1.8071812717494465e-05,-10.92113907000737,23052
1344,0.0,34,16,0.0,0.0,1.0,0.0,25862,0,0.005892906145052674,-5.1280956619348395,0
1345,0.0,51,12,0.0,0.0,1.0,0.0,25862,20588,1.3761467889908258e-05,-11.193624291540537,24825
1346,0.0,26,16,0.0,0.0,1.0,0.0,25862,22379,0.00014699237337445725,-8.824982851160046,35465
1347,0.0,46,12,0.0,0.0,1.0,0.0,25862,23274,1.3761467889908258e-05,-11.193624291540537,35465
1348,0.0,45,14,0.0,0.0,1.0,0.0,25862,28645,4.819277108433735e-06,-12.242881799364168,26599
1349,0.0,49,12,0.0,0.0,1.0,0.0,25862,28645,1.3761467889908258e-05,-11.193624291540537,26599
1350,0.0,26,16,0.0,0.0,0.0,0.0,25862,31790,0.00023114869203453618,-8.372218190648834,15646
1351,0.0,30,16,0.0,0.0,1.0,0.0,26058,28645,8.346613969103928e-06,-11.693646267377375,29258
1352,0.0,50,12,0.0,0.0,1.0,0.0,26254,0,0.0072199750439923905,-4.923657617392652,0
1353,0.0,25,12,0.0,0.0,0.0,0.0,26254,21483,0.0035789546950966552,-5.6290991313397765,26599
1354,0.0,27,17,0.0,0.0,0.0,0.0,26254,29540,0.00023114869203453618,-8.372218190648834,31032
1355,0.0,46,16,0.0,0.0,1.0,0.0,26293,65160,4.819277108433735e-06,-12.242881799364168,17732
1356,0.0,46,16,0.0,0.0,1.0,0.0,26293,65160,4.819277108433735e-06,-12.242881799364168,17732
1357,0.0,43,12,1.0,0.0,1.0,0.0,26450,14322,0.0007338554152708887,-7.216464405854048,29554
1358,0.0,27,12,1.0,0.0,1.0,0.0,26450,18798,0.00045825637346854384,-7.6876234016578415,31032
1359,0.0,22,12,0.0,0.0,0.0,0.0,26450,23274,0.00444703910904112,-5.411059816414125,19210
1360,0.0,55,12,0.0,0.0,1.0,0.0,26450,23990,1.3761467889908258e-05,-11.193624291540537,29554
1361,0.0,53,12,0.0,0.0,1.0,0.0,26450,25064,1.3761467889908258e-05,-11.193624291540537,26007
1362,0.0,44,12,0.0,0.0,1.0,0.0,26450,25959,1.3761467889908258e-05,-11.193624291540537,26746
1363,0.0,47,13,0.0,0.0,1.0,0.0,26450,25959,0.00019517773659545232,-8.541404748030299,26625
1364,0.0,46,14,0.0,0.0,1.0,0.0,26450,26496,4.819277108433735e-06,-12.242881799364168,29554
1365,0.0,25,12,0.0,0.0,1.0,0.0,26450,26836,0.0006298926141581461,-7.369331115744954,35465
1366,0.0,31,15,1.0,0.0,0.0,0.0,26450,26854,0.006378549622630604,-5.048415559853426,25860
1367,0.0,28,16,0.0,0.0,1.0,0.0,26450,26854,8.346613969103928e-06,-11.693646267377375,29554
1368,0.0,40,16,0.0,0.0,1.0,0.0,26450,26854,4.819277108433735e-06,-12.242881799364168,32421
1369,0.0,40,16,0.0,0.0,1.0,0.0,26450,26854,4.819277108433735e-06,-12.242881799364168,32421
1370,0.0,28,12,0.0,0.0,1.0,0.0,26450,26858,0.00012641723658294855,-8.975796294949085,29480
1371,0.0,29,15,0.0,0.0,1.0,0.0,26450,27250,8.346613969103928e-06,-11.693646267377375,28815
1372,0.0,42,16,0.0,0.0,1.0,0.0,26450,27499,4.819277108433735e-06,-12.242881799364168,29554
1373,0.0,30,15,0.0,0.0,1.0,0.0,26450,27570,8.346613969103928e-06,-11.693646267377375,29554
1374,0.0,39,12,0.0,0.0,1.0,0.0,26450,27750,1.8071812717494465e-05,-10.92113907000737,6354
1375,0.0,30,16,0.0,0.0,1.0,0.0,26450,28197,8.346613969103928e-06,-11.693646267377375,29554
1376,0.0,50,12,0.0,0.0,1.0,0.0,26450,30077,1.3761467889908258e-05,-11.193624291540537,26599
1377,0.0,29,17,0.0,0.0,0.0,0.0,26614,28503,0.00027766031994151284,-8.188834363205565,29315
1378,0.0,29,15,0.0,0.0,1.0,0.0,26646,19693,8.346613969103928e-06,-11.693646267377375,32509
1379,0.0,27,12,0.0,0.0,1.0,0.0,26646,29540,0.00037525937679984796,-7.887517769817848,35465
1380,0.0,31,12,0.0,1.0,1.0,0.0,26841,6982,0.0058880122705601634,-5.128931398603208,17732
1381,0.0,31,12,0.0,1.0,1.0,0.0,26841,6982,0.0058880122705601634,-5.128931398603208,17732
1382,0.0,29,12,0.0,0.0,1.0,0.0,26841,20588,0.00012641723658294855,-8.975796294949085,42854
1383,0.0,27,16,0.0,0.0,1.0,0.0,26841,22200,0.00023790146428354818,-8.343416055868945,19210
1384,0.0,26,17,1.0,0.0,0.0,0.0,26841,25243,0.004627675978505981,-5.371062068568581,20392
1385,0.0,42,17,0.0,0.0,1.0,0.0,26841,31330,4.819277108433735e-06,-12.242881799364168,36943
1386,0.0,24,12,1.0,0.0,1.0,0.0,26841,31688,0.000997196703360339,-6.909564817981728,33839
1387,0.0,48,12,1.0,0.0,1.0,0.0,26908,22558,0.00022706808495414667,-8.390033557866474,36943
1388,0.0,25,13,0.0,0.0,1.0,0.0,26996,28197,0.0017296692155065504,-6.358093926843487,22165
1389,0.0,21,12,1.0,0.0,1.0,0.0,27037,16560,0.0011338548886230943,-6.7809975478534605,20688
1390,0.0,48,12,0.0,0.0,1.0,0.0,27037,25064,1.3761467889908258e-05,-11.193624291540537,23643
1391,0.0,50,12,0.0,0.0,1.0,0.0,27037,26854,1.3761467889908258e-05,-11.193624291540537,27337
1392,0.0,28,17,0.0,0.0,1.0,0.0,27037,27750,8.346613969103928e-06,-11.693646267377375,51720
1393,0.0,29,17,0.0,0.0,0.0,0.0,27037,29182,0.00027766031994151284,-8.188834363205565,26599
1394,0.0,33,17,0.0,0.0,1.0,0.0,27037,31867,0.00018027643853050742,-8.62083882285798,28815
1395,0.0,52,12,0.0,0.0,1.0,0.0,27220,24706,1.3761467889908258e-05,-11.193624291540537,32509
1396,0.0,22,12,0.0,0.0,1.0,0.0,27233,14322,0.0004537102796158054,-7.697597901016415,32509
1397,0.0,43,12,0.0,0.0,1.0,0.0,27233,25064,1.3761467889908258e-05,-11.193624291540537,29554
1398,0.0,34,13,0.0,0.0,1.0,0.0,27233,25064,0.00023331844858673903,-8.362872959723308,31032
1399,0.0,46,12,0.0,0.0,1.0,0.0,27233,28645,1.3761467889908258e-05,-11.193624291540537,28076
1400,0.0,31,17,0.0,0.0,1.0,0.0,27429,0,0.008036619516651933,-4.8156776551224665,0
1401,0.0,28,13,0.0,0.0,1.0,0.0,27429,20588,0.000333217147254237,-8.006382913971654,23578
1402,0.0,44,12,1.0,0.0,1.0,0.0,27429,21483,0.0007338554152708887,-7.216464405854048,22609
1403,0.0,25,12,0.0,0.0,1.0,0.0,27429,21483,0.0006298926141581461,-7.369331115744954,28520
1404,0.0,29,14,0.0,0.0,1.0,0.0,27429,22099,1.2656958796690135e-05,-11.277290734497615,29644
1405,0.0,24,16,0.0,0.0,0.0,0.0,27429,22200,0.0006206561810445127,-7.384112434198322,25712
1406,0.0,31,12,0.0,0.0,1.0,0.0,27429,22379,0.00012641723658294855,-8.975796294949085,0
1407,0.0,40,12,1.0,0.0,1.0,0.0,27429,23274,0.000591843580951362,-7.431676160569329,38420
1408,0.0,30,17,0.0,0.0,1.0,0.0,27429,25064,8.346613969103928e-06,-11.693646267377375,20688
1409,0.0,26,16,1.0,0.0,1.0,0.0,27429,25064,0.0003440658382968702,-7.974333403463275,32509
1410,0.0,32,12,0.0,0.0,1.0,0.0,27429,25064,0.00012641723658294855,-8.975796294949085,16254
1411,0.0,26,15,0.0,0.0,1.0,0.0,27429,25064,0.00014699237337445725,-8.824982851160046,28815
1412,0.0,28,16,0.0,0.0,1.0,0.0,27429,25064,8.346613969103928e-06,-11.693646267377375,31032
1413,0.0,54,13,0.0,0.0,1.0,0.0,27429,25422,0.00019517773659545232,-8.541404748030299,24382
1414,0.0,30,14,0.0,0.0,1.0,0.0,27429,25780,1.2656958796690135e-05,-11.277290734497615,31032
1415,0.0,33,14,0.0,0.0,1.0,0.0,27429,25959,0.00018458678335809365,-8.597206230747053,24382
1416,0.0,33,12,0.0,0.0,1.0,0.0,27429,25959,0.0005805621836150655,-7.450932911004335,27846
1417,0.0,26,12,0.0,0.0,1.0,0.0,27429,26496,0.00023889574043621162,-8.339244409413736,32509
1418,0.0,44,13,0.0,0.0,1.0,0.0,27429,26774,0.00019517773659545232,-8.541404748030299,35465
1419,0.0,49,12,0.0,0.0,1.0,0.0,27429,26854,1.3761467889908258e-05,-11.193624291540537,26599
1420,0.0,55,17,1.0,0.0,1.0,0.0,27429,26854,4.9106995186230394e-05,-9.921459956959117,17806
1421,0.0,28,12,0.0,0.0,1.0,0.0,27429,26854,0.00012641723658294855,-8.975796294949085,22165
1422,0.0,45,12,0.0,0.0,1.0,0.0,27429,26854,1.3761467889908258e-05,-11.193624291540537,25121
1423,0.0,30,14,1.0,0.0,1.0,0.0,27429,26892,0.0005473239972234073,-7.509922140379912,20688
1424,0.0,40,12,0.0,0.0,1.0,0.0,27429,27008,1.8071812717494465e-05,-10.92113907000737,25440
1425,0.0,27,17,0.0,0.0,1.0,0.0,27429,27750,0.00023790146428354818,-8.343416055868945,26599
1426,0.0,51,16,0.0,0.0,1.0,0.0,27429,28645,4.819277108433735e-06,-12.242881799364168,28076
1427,0.0,51,16,0.0,0.0,1.0,0.0,27429,28645,4.819277108433735e-06,-12.242881799364168,28076
1428,0.0,43,12,0.0,0.0,1.0,0.0,27429,28645,1.3761467889908258e-05,-11.193624291540537,25121
1429,0.0,37,12,0.0,0.0,1.0,0.0,27429,28645,1.8071812717494465e-05,-10.92113907000737,0
1430,0.0,37,12,0.0,0.0,1.0,0.0,27429,28645,1.8071812717494465e-05,-10.92113907000737,0
1431,0.0,38,14,0.0,0.0,1.0,0.0,27429,29046,9.129621936019942e-06,-11.603977143530358,27929
1432,0.0,36,16,0.0,0.0,0.0,0.0,27429,30256,0.00020073848766799865,-8.513306794753666,30736
1433,0.0,27,13,1.0,0.0,1.0,0.0,27429,30435,0.0023243239641184414,-6.061999020947084,24973
1434,0.0,21,12,0.0,0.0,1.0,0.0,27429,30435,0.0004759325018380276,-7.649758470855458,31978
1435,0.0,25,14,0.0,0.0,0.0,0.0,27429,32225,0.0011197844530429673,-6.793498652956641,31032
1436,0.0,33,13,0.0,0.0,1.0,0.0,27429,41177,0.0007873620942863538,-7.146034648739411,38420
1437,0.0,38,14,0.0,0.0,1.0,0.0,27429,68032,9.129621936019942e-06,-11.603977143530358,26599
1438,0.0,32,16,0.0,0.0,1.0,0.0,27625,29540,8.346613969103928e-06,-11.693646267377375,33987
1439,0.0,27,12,0.0,0.0,0.0,0.0,27821,27212,0.003089794790375869,-5.776556023097654,32509
1440,0.0,24,17,0.0,0.0,0.0,0.0,27821,27570,0.0006206561810445127,-7.384112434198322,32509
1441,0.0,43,12,0.0,0.0,1.0,0.0,27821,28645,1.3761467889908258e-05,-11.193624291540537,32509
1442,0.0,26,17,0.0,0.0,1.0,0.0,27843,28645,0.00014699237337445725,-8.824982851160046,49651
1443,0.0,33,12,0.0,0.0,1.0,0.0,28017,25422,0.0005805621836150655,-7.450932911004335,22756
1444,0.0,34,14,0.0,0.0,1.0,0.0,28017,26854,1.2656958796690135e-05,-11.277290734497615,36943
1445,0.0,28,12,0.0,0.0,1.0,0.0,28017,29540,0.00012641723658294855,-8.975796294949085,32509
1446,0.0,41,12,0.0,0.0,1.0,0.0,28017,30435,1.8071812717494465e-05,-10.92113907000737,32509
1447,0.0,25,12,0.0,0.0,1.0,0.0,28017,31062,0.0006298926141581461,-7.369331115744954,28076
1448,0.0,28,17,0.0,0.0,1.0,0.0,28017,31151,8.346613969103928e-06,-11.693646267377375,31032
1449,0.0,26,13,1.0,0.0,1.0,0.0,28105,37596,0.0023243239641184414,-6.061999020947084,58653
1450,0.0,28,17,0.0,0.0,1.0,0.0,28213,25422,8.346613969103928e-06,-11.693646267377375,26451
1451,0.0,53,12,0.0,0.0,1.0,0.0,28213,26854,1.3761467889908258e-05,-11.193624291540537,0
1452,0.0,55,12,0.0,0.0,1.0,0.0,28213,33206,1.3761467889908258e-05,-11.193624291540537,31771
1453,0.0,29,14,0.0,0.0,1.0,0.0,28409,21125,1.2656958796690135e-05,-11.277290734497615,23348
1454,0.0,39,14,0.0,0.0,1.0,0.0,28409,28645,9.129621936019942e-06,-11.603977143530358,31032
1455,0.0,31,16,0.0,0.0,1.0,0.0,28409,28915,8.346613969103928e-06,-11.693646267377375,32509
1456,0.0,25,16,0.0,0.0,1.0,0.0,28409,29540,0.00013864575940535334,-8.88344971588606,32509
1457,0.0,25,14,0.0,0.0,1.0,0.0,28409,30435,0.00017073388201071732,-8.675233710762209,10935
1458,0.0,29,16,0.0,0.0,1.0,0.0,28409,32225,8.346613969103928e-06,-11.693646267377375,42854
1459,0.0,29,16,1.0,0.0,1.0,0.0,28409,32225,0.0006451936578457425,-7.345314639626004,29554
1460,0.0,27,14,0.0,0.0,1.0,0.0,28409,32225,0.0002699895868889122,-8.216857140747091,39898
1461,0.0,34,16,0.0,0.0,1.0,0.0,28409,32583,8.346613969103928e-06,-11.693646267377375,35465
1462,0.0,45,12,0.0,0.0,1.0,0.0,28589,28263,1.3761467889908258e-05,-11.193624291540537,29258
1463,0.0,28,12,0.0,0.0,1.0,0.0,28605,20588,0.00012641723658294855,-8.975796294949085,34135
1464,0.0,43,16,0.0,0.0,1.0,0.0,28801,27929,4.819277108433735e-06,-12.242881799364168,26953
1465,0.0,54,12,0.0,0.0,1.0,0.0,28889,35806,1.3761467889908258e-05,-11.193624291540537,31032
1466,0.0,29,16,0.0,0.0,1.0,0.0,28899,29540,8.346613969103928e-06,-11.693646267377375,0
1467,0.0,55,12,0.0,0.0,1.0,0.0,29100,26409,1.3761467889908258e-05,-11.193624291540537,29369
1468,0.0,55,12,0.0,0.0,1.0,0.0,29100,26409,1.3761467889908258e-05,-11.193624291540537,29369
1469,0.0,29,12,1.0,0.0,0.0,0.0,29193,15396,0.020299729990415488,-3.8766390929603824,31032
1470,0.0,50,12,1.0,0.0,1.0,0.0,29193,17903,0.00022706808495414667,-8.390033557866474,25121
1471,0.0,24,12,0.0,0.0,1.0,0.0,29193,21304,0.00037073417712750776,-7.8996544529517,19242
1472,0.0,26,12,0.0,0.0,1.0,0.0,29330,28287,0.00023889574043621162,-8.339244409413736,38420
1473,0.0,41,13,0.0,0.0,0.0,0.0,29389,0,0.13006048288457928,-1.900424093457691,30293
1474,0.0,47,17,0.0,0.0,1.0,0.0,29389,20230,4.819277108433735e-06,-12.242881799364168,42410
1475,0.0,28,17,0.0,0.0,1.0,0.0,29389,21483,8.346613969103928e-06,-11.693646267377375,19210
1476,0.0,42,12,0.0,0.0,1.0,0.0,29389,22379,1.3761467889908258e-05,-11.193624291540537,28490
1477,0.0,37,12,1.0,0.0,1.0,0.0,29389,22379,0.0003484914455766643,-7.961548322290556,19210
1478,0.0,37,12,1.0,0.0,1.0,0.0,29389,22379,0.0003484914455766643,-7.961548322290556,19210
1479,0.0,48,16,0.0,0.0,1.0,0.0,29389,23274,4.819277108433735e-06,-12.242881799364168,0
1480,0.0,21,12,0.0,0.0,1.0,0.0,29389,24169,0.0004759325018380276,-7.649758470855458,28815
1481,0.0,46,12,0.0,0.0,1.0,0.0,29389,24214,1.3761467889908258e-05,-11.193624291540537,33987
1482,0.0,29,12,0.0,0.0,1.0,0.0,29389,25959,0.00012641723658294855,-8.975796294949085,35465
1483,0.0,38,12,0.0,0.0,1.0,0.0,29389,26496,1.8071812717494465e-05,-10.92113907000737,30191
1484,0.0,28,12,0.0,0.0,1.0,0.0,29389,26854,0.00012641723658294855,-8.975796294949085,35465
1485,0.0,38,12,0.0,0.0,1.0,0.0,29389,26854,1.8071812717494465e-05,-10.92113907000737,31032
1486,0.0,53,12,0.0,0.0,1.0,0.0,29389,26854,1.3761467889908258e-05,-11.193624291540537,26599
1487,0.0,46,12,0.0,0.0,1.0,0.0,29389,27033,1.3761467889908258e-05,-11.193624291540537,27781
1488,0.0,46,12,0.0,0.0,1.0,0.0,29389,27033,1.3761467889908258e-05,-11.193624291540537,27781
1489,0.0,34,12,0.0,0.0,1.0,0.0,29389,27912,4.862617660519169e-05,-9.931299931423448,11821
1490,0.0,35,17,0.0,0.0,1.0,0.0,29389,28645,4.7562300243613733e-05,-9.953422558791281,28076
1491,0.0,53,12,0.0,0.0,1.0,0.0,29389,28645,1.3761467889908258e-05,-11.193624291540537,29554
1492,0.0,26,12,0.0,0.0,1.0,0.0,29389,28645,0.00023889574043621162,-8.339244409413736,33987
1493,0.0,26,16,0.0,0.0,1.0,0.0,29389,28645,0.00014699237337445725,-8.824982851160046,35022
1494,0.0,50,13,0.0,0.0,1.0,0.0,29389,29540,0.00019517773659545232,-8.541404748030299,28076
1495,0.0,46,12,1.0,0.0,1.0,0.0,29389,30435,0.0007338554152708887,-7.216464405854048,22165
1496,0.0,43,14,0.0,0.0,0.0,0.0,29389,30435,0.009682735902018352,-4.627680864714416,29554
1497,0.0,26,14,0.0,0.0,0.0,0.0,29389,30435,0.001063610297366324,-6.8450220406945075,29554
1498,0.0,33,17,0.0,0.0,1.0,0.0,29389,30435,0.00018027643853050742,-8.62083882285798,31032
1499,0.0,33,17,0.0,0.0,1.0,0.0,29389,30435,0.00018027643853050742,-8.62083882285798,19210
1500,0.0,42,12,0.0,0.0,1.0,0.0,29389,30437,1.3761467889908258e-05,-11.193624291540537,26007
1501,0.0,34,12,0.0,0.0,1.0,0.0,29389,30793,4.862617660519169e-05,-9.931299931423448,31180
1502,0.0,34,12,0.0,0.0,1.0,0.0,29389,30793,4.862617660519169e-05,-9.931299931423448,31180
1503,0.0,34,17,0.0,0.0,1.0,0.0,29389,31330,8.346613969103928e-06,-11.693646267377375,25712
1504,0.0,37,17,0.0,0.0,1.0,0.0,29389,31330,4.819277108433735e-06,-12.242881799364168,33987
1505,0.0,34,17,0.0,0.0,1.0,0.0,29389,32225,8.346613969103928e-06,-11.693646267377375,32672
1506,0.0,37,12,1.0,0.0,1.0,0.0,29389,32225,0.0003484914455766643,-7.961548322290556,44331
1507,0.0,26,17,0.0,0.0,1.0,0.0,29389,32225,0.00014699237337445725,-8.824982851160046,35465
1508,0.0,36,17,0.0,0.0,1.0,0.0,29389,34911,4.819277108433735e-06,-12.242881799364168,32509
1509,0.0,28,14,0.0,0.0,0.0,0.0,29389,35448,0.001063610297366324,-6.8450220406945075,33987
1510,0.0,31,12,0.0,0.0,1.0,0.0,29389,35806,0.00012641723658294855,-8.975796294949085,39159
1511,0.0,25,14,0.0,0.0,1.0,0.0,29389,35806,0.00017073388201071732,-8.675233710762209,33839
1512,0.0,31,14,0.0,0.0,1.0,0.0,29389,35806,1.2656958796690135e-05,-11.277290734497615,56153
1513,0.0,28,12,0.0,0.0,1.0,0.0,29389,41177,0.00012641723658294855,-8.975796294949085,47287
1514,0.0,34,12,0.0,0.0,1.0,0.0,29389,42967,4.862617660519169e-05,-9.931299931423448,31032
1515,0.0,47,14,1.0,0.0,1.0,0.0,29390,27750,0.001403150640885845,-6.567630977094056,36647
1516,0.0,35,12,0.0,0.0,1.0,0.0,29422,28645,8.784186287970149e-05,-9.339884527059855,29554
1517,0.0,35,15,1.0,0.0,1.0,0.0,29477,34098,0.001119256284926834,-6.79397096243689,19062
1518,0.0,35,15,1.0,0.0,1.0,0.0,29477,34098,0.001119256284926834,-6.79397096243689,19062
1519,0.0,31,12,0.0,0.0,1.0,0.0,29584,26854,0.00012641723658294855,-8.975796294949085,29554
1520,0.0,24,12,0.0,0.0,1.0,0.0,29780,30883,0.00037073417712750776,-7.8996544529517,32509
1521,0.0,28,12,0.0,0.0,1.0,0.0,29976,0,0.01569652255818109,-4.13849506682585,0
1522,0.0,27,16,0.0,0.0,1.0,0.0,29976,30793,0.00023790146428354818,-8.343416055868945,51720
1523,0.0,47,12,0.0,0.0,1.0,0.0,30074,33312,1.3761467889908258e-05,-11.193624291540537,15072
1524,0.0,47,12,0.0,0.0,1.0,0.0,30074,33312,1.3761467889908258e-05,-11.193624291540537,15072
1525,0.0,37,14,0.0,1.0,1.0,0.0,30108,26854,0.00011542533771449434,-9.066771231740862,26554
1526,0.0,22,14,0.0,0.0,1.0,0.0,30368,20588,0.00017073388201071732,-8.675233710762209,27485
1527,0.0,47,12,0.0,0.0,1.0,0.0,30368,23274,1.3761467889908258e-05,-11.193624291540537,25860
1528,0.0,32,14,0.0,0.0,1.0,0.0,30368,24169,1.2656958796690135e-05,-11.277290734497615,22165
1529,0.0,29,15,0.0,0.0,0.0,0.0,30368,28645,0.00027766031994151284,-8.188834363205565,44331
1530,0.0,27,16,0.0,0.0,0.0,0.0,30368,31330,0.00023114869203453618,-8.372218190648834,36943
1531,0.0,43,12,0.0,0.0,1.0,0.0,30564,23811,1.3761467889908258e-05,-11.193624291540537,31032
1532,0.0,43,12,0.0,0.0,1.0,0.0,30564,23811,1.3761467889908258e-05,-11.193624291540537,31032
1533,0.0,34,12,0.0,0.0,1.0,0.0,30564,24885,4.862617660519169e-05,-9.931299931423448,24678
1534,0.0,30,12,0.0,0.0,1.0,0.0,30564,26854,0.00012641723658294855,-8.975796294949085,14777
1535,0.0,39,16,0.0,0.0,0.0,0.0,30564,28645,0.00035458464151415253,-7.944208829883482,33987
1536,0.0,35,16,0.0,0.0,1.0,0.0,30564,29540,4.7562300243613733e-05,-9.953422558791281,37120
1537,0.0,28,12,0.0,0.0,1.0,0.0,30564,32941,0.00012641723658294855,-8.975796294949085,36204
1538,0.0,32,12,0.0,0.0,1.0,0.0,30564,35806,0.00012641723658294855,-8.975796294949085,23052
1539,0.0,26,12,0.0,0.0,1.0,0.0,30564,39387,0.00023889574043621162,-8.339244409413736,39898
1540,0.0,30,12,1.0,0.0,1.0,0.0,30758,35448,0.0004436677173877096,-7.719990893806234,48247
1541,0.0,27,12,0.0,0.0,1.0,0.0,30760,25064,0.00037525937679984796,-7.887517769817848,31908
1542,0.0,27,16,0.0,0.0,1.0,0.0,30760,26317,0.00023790146428354818,-8.343416055868945,25860
1543,0.0,28,12,0.0,0.0,1.0,0.0,30760,28824,0.00012641723658294855,-8.975796294949085,39898
1544,0.0,39,12,0.0,0.0,1.0,0.0,30760,32583,1.8071812717494465e-05,-10.92113907000737,34726
1545,0.0,28,15,1.0,0.0,1.0,0.0,30768,33486,0.0003118603245124091,-8.072643239274223,30828
1546,0.0,48,12,0.0,0.0,1.0,0.0,30860,29269,1.3761467889908258e-05,-11.193624291540537,34753
1547,0.0,48,14,0.0,0.0,1.0,0.0,30895,34732,4.819277108433735e-06,-12.242881799364168,32509
1548,0.0,37,17,0.0,0.0,1.0,0.0,30956,30435,4.819277108433735e-06,-12.242881799364168,27939
1549,0.0,49,17,0.0,0.0,1.0,0.0,30956,31867,4.819277108433735e-06,-12.242881799364168,35465
1550,0.0,25,15,0.0,0.0,1.0,0.0,30956,41177,0.00013864575940535334,-8.88344971588606,35465
1551,0.0,27,15,0.0,0.0,1.0,0.0,31152,34016,0.00023790146428354818,-8.343416055868945,43001
1552,0.0,24,15,0.0,0.0,1.0,0.0,31348,26854,0.00013864575940535334,-8.88344971588606,26599
1553,0.0,31,17,0.0,0.0,1.0,0.0,31348,26854,8.346613969103928e-06,-11.693646267377375,32509
1554,0.0,45,12,0.0,0.0,1.0,0.0,31348,27391,1.3761467889908258e-05,-11.193624291540537,25564
1555,0.0,45,12,0.0,0.0,1.0,0.0,31348,27391,1.3761467889908258e-05,-11.193624291540537,25564
1556,0.0,39,14,0.0,0.0,1.0,0.0,31348,27750,9.129621936019942e-06,-11.603977143530358,47287
1557,0.0,39,14,0.0,0.0,1.0,0.0,31348,27750,9.129621936019942e-06,-11.603977143530358,47287
1558,0.0,25,17,0.0,0.0,1.0,0.0,31348,28249,0.00013864575940535334,-8.88344971588606,35561
1559,0.0,53,17,0.0,0.0,1.0,0.0,31348,28645,4.819277108433735e-06,-12.242881799364168,27929
1560,0.0,26,16,0.0,0.0,1.0,0.0,31348,28645,0.00014699237337445725,-8.824982851160046,35465
1561,0.0,31,12,0.0,0.0,1.0,0.0,31348,28645,0.00012641723658294855,-8.975796294949085,27337
1562,0.0,32,17,0.0,0.0,1.0,0.0,31348,28645,8.346613969103928e-06,-11.693646267377375,28076
1563,0.0,48,17,0.0,0.0,1.0,0.0,31348,29540,4.819277108433735e-06,-12.242881799364168,32951
1564,0.0,47,17,0.0,0.0,0.0,0.0,31348,29540,0.0003374906244201355,-7.993635279946244,29258
1565,0.0,44,16,0.0,0.0,1.0,0.0,31348,30435,4.819277108433735e-06,-12.242881799364168,19210
1566,0.0,41,16,0.0,0.0,1.0,0.0,31348,30435,4.819277108433735e-06,-12.242881799364168,20688
1567,0.0,44,16,0.0,0.0,1.0,0.0,31348,30435,4.819277108433735e-06,-12.242881799364168,33987
1568,0.0,52,17,0.0,0.0,1.0,0.0,31348,31293,4.819277108433735e-06,-12.242881799364168,32509
1569,0.0,40,12,0.0,0.0,1.0,0.0,31348,31330,1.8071812717494465e-05,-10.92113907000737,27633
1570,0.0,52,12,0.0,0.0,0.0,0.0,31348,32225,0.0026327865610904053,-5.937076206326592,32509
1571,0.0,53,16,0.0,0.0,1.0,0.0,31348,32225,4.819277108433735e-06,-12.242881799364168,32509
1572,0.0,42,16,0.0,0.0,1.0,0.0,31348,32225,4.819277108433735e-06,-12.242881799364168,32214
1573,0.0,39,14,0.0,0.0,1.0,0.0,31348,32569,9.129621936019942e-06,-11.603977143530358,31020
1574,0.0,42,17,0.0,0.0,1.0,0.0,31348,32762,4.819277108433735e-06,-12.242881799364168,39159
1575,0.0,31,14,0.0,0.0,1.0,0.0,31348,34016,1.2656958796690135e-05,-11.277290734497615,38986
1576,0.0,47,14,0.0,0.0,1.0,0.0,31348,34016,4.819277108433735e-06,-12.242881799364168,25150
1577,0.0,51,16,0.0,0.0,1.0,0.0,31348,35448,4.819277108433735e-06,-12.242881799364168,44331
1578,0.0,44,13,0.0,0.0,1.0,0.0,31348,35806,0.00019517773659545232,-8.541404748030299,36943
1579,0.0,35,14,0.0,0.0,1.0,0.0,31348,36630,5.187264507119994e-05,-9.86666710267118,42854
1580,0.0,44,16,1.0,0.0,1.0,0.0,31644,30621,0.0005558943255029725,-7.494376294930746,23495
1581,0.0,46,12,0.0,0.0,1.0,0.0,31740,25780,1.3761467889908258e-05,-11.193624291540537,17437
1582,0.0,32,14,0.0,0.0,1.0,0.0,31818,31330,1.2656958796690135e-05,-11.277290734497615,70930
1583,0.0,29,16,0.0,0.0,1.0,0.0,31936,26640,8.346613969103928e-06,-11.693646267377375,24825
1584,0.0,38,17,0.0,0.0,0.0,0.0,31936,33300,0.00035458464151415253,-7.944208829883482,33805
1585,0.0,26,14,0.0,0.0,1.0,0.0,32131,29898,0.00017908049597982123,-8.627496058463358,28032
1586,0.0,43,16,0.0,0.0,1.0,0.0,32131,31330,4.819277108433735e-06,-12.242881799364168,33987
1587,0.0,45,16,0.0,0.0,0.0,0.0,32131,31330,0.00035458464151415253,-7.944208829883482,31401
1588,0.0,34,17,0.0,0.0,0.0,0.0,32131,44758,0.00020426582452866884,-8.495884064263107,9161
1589,0.0,49,14,0.0,0.0,1.0,0.0,32327,14322,4.819277108433735e-06,-12.242881799364168,24530
1590,0.0,27,17,0.0,0.0,1.0,0.0,32327,25064,0.00023790146428354818,-8.343416055868945,36943
1591,0.0,26,16,0.0,0.0,1.0,0.0,32327,27750,0.00014699237337445725,-8.824982851160046,32509
1592,0.0,41,16,0.0,0.0,1.0,0.0,32327,31330,4.819277108433735e-06,-12.242881799364168,0
1593,0.0,43,14,0.0,0.0,1.0,0.0,32327,31420,4.819277108433735e-06,-12.242881799364168,31032
1594,0.0,28,13,0.0,0.0,1.0,0.0,32327,31688,0.000333217147254237,-8.006382913971654,40637
1595,0.0,28,12,1.0,0.0,1.0,0.0,32327,32225,0.0003622476903763262,-7.922820039238624,39898
1596,0.0,27,16,0.0,0.0,1.0,0.0,32327,32225,0.00023790146428354818,-8.343416055868945,39159
1597,0.0,32,12,0.0,0.0,1.0,0.0,32327,32225,0.00012641723658294855,-8.975796294949085,32509
1598,0.0,31,12,0.0,0.0,1.0,0.0,32327,32225,0.00012641723658294855,-8.975796294949085,32509
1599,0.0,38,17,0.0,0.0,0.0,0.0,32327,32225,0.00035458464151415253,-7.944208829883482,43297
1600,0.0,43,12,0.0,0.0,0.0,0.0,32327,33479,0.0046498805781844225,-5.36625301692106,33987
1601,0.0,34,17,0.0,0.0,1.0,0.0,32327,34016,8.346613969103928e-06,-11.693646267377375,33987
1602,0.0,22,14,0.0,0.0,1.0,0.0,32327,41177,0.00017073388201071732,-8.675233710762209,32509
1603,0.0,50,14,0.0,0.0,1.0,0.0,32602,27889,4.819277108433735e-06,-12.242881799364168,27314
1604,0.0,44,14,0.0,0.0,1.0,0.0,32719,29540,4.819277108433735e-06,-12.242881799364168,26952
1605,0.0,53,12,0.0,0.0,1.0,0.0,32868,31509,1.3761467889908258e-05,-11.193624291540537,18914
1606,0.0,47,12,0.0,0.0,1.0,0.0,32915,27750,1.3761467889908258e-05,-11.193624291540537,18914
1607,0.0,47,12,0.0,0.0,1.0,0.0,32915,27750,1.3761467889908258e-05,-11.193624291540537,18914
1608,0.0,41,16,1.0,0.0,1.0,0.0,33307,23274,0.0005677286450295997,-7.473299101156085,22165
1609,0.0,41,16,1.0,0.0,1.0,0.0,33307,23274,0.0005677286450295997,-7.473299101156085,22165
1610,0.0,41,16,1.0,0.0,1.0,0.0,33307,23274,0.0005677286450295997,-7.473299101156085,22165
1611,0.0,48,16,0.0,0.0,1.0,0.0,33307,26058,4.819277108433735e-06,-12.242881799364168,31918
1612,0.0,48,16,0.0,0.0,1.0,0.0,33307,26058,4.819277108433735e-06,-12.242881799364168,31918
1613,0.0,36,13,0.0,0.0,1.0,0.0,33307,28645,0.00019948808142303853,-8.519556557677586,28372
1614,0.0,49,12,0.0,0.0,1.0,0.0,33307,28645,1.3761467889908258e-05,-11.193624291540537,32580
1615,0.0,33,17,1.0,0.0,1.0,0.0,33307,29540,0.0003837119273236529,-7.86523469060706,17732
1616,0.0,49,14,0.0,0.0,1.0,0.0,33307,30435,4.819277108433735e-06,-12.242881799364168,29554
1617,0.0,36,12,0.0,0.0,1.0,0.0,33307,30435,1.8071812717494465e-05,-10.92113907000737,31032
1618,0.0,50,17,0.0,0.0,1.0,0.0,33307,30435,4.819277108433735e-06,-12.242881799364168,25860
1619,0.0,36,12,0.0,0.0,1.0,0.0,33307,30435,1.8071812717494465e-05,-10.92113907000737,41376
1620,0.0,27,16,0.0,0.0,1.0,0.0,33307,30435,0.00023790146428354818,-8.343416055868945,0
1621,0.0,52,16,0.0,0.0,1.0,0.0,33307,30793,4.819277108433735e-06,-12.242881799364168,28815
1622,0.0,38,12,0.0,0.0,1.0,0.0,33307,31330,1.8071812717494465e-05,-10.92113907000737,31771
1623,0.0,25,14,0.0,0.0,1.0,0.0,33307,31330,0.00017073388201071732,-8.675233710762209,35760
1624,0.0,33,17,0.0,0.0,1.0,0.0,33307,31867,0.00018027643853050742,-8.62083882285798,35465
1625,0.0,30,12,0.0,0.0,1.0,0.0,33307,32046,0.00012641723658294855,-8.975796294949085,37682
1626,0.0,53,12,0.0,0.0,1.0,0.0,33307,32225,1.3761467889908258e-05,-11.193624291540537,33544
1627,0.0,34,12,0.0,0.0,1.0,0.0,33307,32583,4.862617660519169e-05,-9.931299931423448,31032
1628,0.0,36,12,0.0,0.0,1.0,0.0,33307,33120,1.8071812717494465e-05,-10.92113907000737,33987
1629,0.0,42,13,0.0,0.0,1.0,0.0,33307,33120,0.00019517773659545232,-8.541404748030299,44331
1630,0.0,34,12,0.0,0.0,1.0,0.0,33307,34016,4.862617660519169e-05,-9.931299931423448,32509
1631,0.0,29,17,0.0,0.0,1.0,0.0,33307,34016,8.346613969103928e-06,-11.693646267377375,26980
1632,0.0,52,12,0.0,0.0,1.0,0.0,33307,34171,1.3761467889908258e-05,-11.193624291540537,28667
1633,0.0,42,14,0.0,0.0,1.0,0.0,33307,37596,4.819277108433735e-06,-12.242881799364168,48764
1634,0.0,53,15,0.0,0.0,1.0,0.0,33307,37596,4.819277108433735e-06,-12.242881799364168,38420
1635,0.0,32,13,1.0,0.0,1.0,0.0,33307,37596,0.001154673634552387,-6.762782201641443,46891
1636,0.0,39,12,0.0,0.0,1.0,0.0,33307,39387,1.8071812717494465e-05,-10.92113907000737,28076
1637,0.0,28,16,0.0,0.0,1.0,0.0,33307,39387,8.346613969103928e-06,-11.693646267377375,34726
1638,0.0,28,12,1.0,0.0,1.0,0.0,33503,26854,0.0003622476903763262,-7.922820039238624,25121
1639,0.0,26,14,0.0,0.0,1.0,0.0,33503,36032,0.00017908049597982123,-8.627496058463358,34559
1640,0.0,25,14,1.0,0.0,1.0,0.0,33699,17724,0.0004897628700273811,-7.621099339872331,25121
1641,0.0,52,12,0.0,0.0,1.0,0.0,33895,47622,1.3761467889908258e-05,-11.193624291540537,39011
1642,0.0,35,16,0.0,0.0,1.0,0.0,34091,26854,4.7562300243613733e-05,-9.953422558791281,31032
1643,0.0,44,12,0.0,0.0,1.0,0.0,34091,32046,1.3761467889908258e-05,-11.193624291540537,35465
1644,0.0,33,15,0.0,0.0,1.0,0.0,34091,34016,0.00018027643853050742,-8.62083882285798,33248
1645,0.0,29,12,0.0,1.0,1.0,0.0,34287,26541,0.0003971876153392245,-7.8307045396754456,39159
1646,0.0,53,16,0.0,0.0,1.0,0.0,34287,28645,4.819277108433735e-06,-12.242881799364168,22165
1647,0.0,26,16,0.0,0.0,1.0,0.0,34287,32225,0.00014699237337445725,-8.824982851160046,36943
1648,0.0,37,17,0.0,0.0,1.0,0.0,34287,35806,4.819277108433735e-06,-12.242881799364168,41376
1649,0.0,45,12,0.0,0.0,1.0,0.0,34287,35806,1.3761467889908258e-05,-11.193624291540537,31032
1650,0.0,27,17,0.0,0.0,1.0,0.0,34287,37596,0.00023790146428354818,-8.343416055868945,39307
1651,0.0,38,12,1.0,0.0,1.0,0.0,34483,23632,0.0003484914455766643,-7.961548322290556,19210
1652,0.0,34,13,0.0,0.0,1.0,0.0,34483,31509,0.00023331844858673903,-8.362872959723308,33396
1653,0.0,34,12,0.0,0.0,1.0,0.0,34731,30435,4.862617660519169e-05,-9.931299931423448,39898
1654,0.0,32,14,0.0,0.0,1.0,0.0,34874,35788,1.2656958796690135e-05,-11.277290734497615,41376
1655,0.0,32,12,0.0,0.0,0.0,0.0,35070,32225,0.0032135297398382208,-5.7371666343243355,27337
1656,0.0,29,14,0.0,0.0,1.0,0.0,35266,16112,1.2656958796690135e-05,-11.277290734497615,20688
1657,0.0,38,12,1.0,0.0,1.0,0.0,35266,25064,0.0003484914455766643,-7.961548322290556,36943
1658,0.0,25,14,1.0,0.0,1.0,0.0,35266,25601,0.0004897628700273811,-7.621099339872331,33101
1659,0.0,35,12,0.0,0.0,1.0,0.0,35266,26854,8.784186287970149e-05,-9.339884527059855,32509
1660,0.0,35,12,0.0,0.0,1.0,0.0,35266,26854,8.784186287970149e-05,-9.339884527059855,32509
1661,0.0,31,17,0.0,0.0,1.0,0.0,35266,31806,8.346613969103928e-06,-11.693646267377375,62064
1662,0.0,49,12,0.0,0.0,1.0,0.0,35266,32225,1.3761467889908258e-05,-11.193624291540537,47287
1663,0.0,55,12,0.0,0.0,1.0,0.0,35266,32225,1.3761467889908258e-05,-11.193624291540537,25860
1664,0.0,32,12,0.0,0.0,1.0,0.0,35266,32225,0.00012641723658294855,-8.975796294949085,33987
1665,0.0,46,14,0.0,0.0,1.0,0.0,35266,33120,4.819277108433735e-06,-12.242881799364168,33987
1666,0.0,28,15,0.0,0.0,1.0,0.0,35266,34016,8.346613969103928e-06,-11.693646267377375,35465
1667,0.0,34,16,0.0,0.0,1.0,0.0,35266,34016,8.346613969103928e-06,-11.693646267377375,35465
1668,0.0,35,16,0.0,0.0,1.0,0.0,35266,34016,4.7562300243613733e-05,-9.953422558791281,40489
1669,0.0,34,12,0.0,0.0,1.0,0.0,35266,35806,4.862617660519169e-05,-9.931299931423448,36943
1670,0.0,40,16,0.0,0.0,1.0,0.0,35266,35806,4.819277108433735e-06,-12.242881799364168,36943
1671,0.0,40,16,0.0,0.0,1.0,0.0,35266,35806,4.819277108433735e-06,-12.242881799364168,36943
1672,0.0,29,14,0.0,0.0,1.0,0.0,35266,37596,1.2656958796690135e-05,-11.277290734497615,45809
1673,0.0,45,12,0.0,0.0,1.0,0.0,35266,38366,1.3761467889908258e-05,-11.193624291540537,38420
1674,0.0,34,16,0.0,0.0,1.0,0.0,35266,39387,8.346613969103928e-06,-11.693646267377375,41671
1675,0.0,47,12,0.0,0.0,1.0,0.0,35266,40103,1.3761467889908258e-05,-11.193624291540537,42262
1676,0.0,31,16,0.0,0.0,1.0,0.0,35266,41177,8.346613969103928e-06,-11.693646267377375,35465
1677,0.0,53,12,1.0,0.0,1.0,0.0,35266,42967,0.00022706808495414667,-8.390033557866474,35465
1678,0.0,51,12,0.0,0.0,1.0,0.0,35266,44758,1.3761467889908258e-05,-11.193624291540537,0
1679,0.0,40,16,0.0,0.0,1.0,0.0,35266,44758,4.819277108433735e-06,-12.242881799364168,56153
1680,0.0,27,12,0.0,0.0,1.0,0.0,35266,53888,0.00037525937679984796,-7.887517769817848,14777
1681,0.0,41,16,0.0,0.0,1.0,0.0,35582,34016,4.819277108433735e-06,-12.242881799364168,42854
1682,0.0,41,16,0.0,0.0,1.0,0.0,35582,34016,4.819277108433735e-06,-12.242881799364168,42854
1683,0.0,33,12,0.0,0.0,1.0,0.0,35658,34016,0.0005805621836150655,-7.450932911004335,32509
1684,0.0,53,13,0.0,0.0,1.0,0.0,35658,35806,0.00019517773659545232,-8.541404748030299,35465
1685,0.0,45,12,0.0,0.0,1.0,0.0,35756,31509,1.3761467889908258e-05,-11.193624291540537,27377
1686,0.0,50,17,0.0,0.0,1.0,0.0,36050,37596,4.819277108433735e-06,-12.242881799364168,13299
1687,0.0,37,14,0.0,0.0,1.0,0.0,36197,29361,9.129621936019942e-06,-11.603977143530358,21870
1688,0.0,27,16,0.0,0.0,1.0,0.0,36246,0,0.015470762715139625,-4.1532116290129695,0
1689,0.0,27,16,0.0,0.0,1.0,0.0,36246,28192,0.00023790146428354818,-8.343416055868945,40903
1690,0.0,48,12,0.0,0.0,1.0,0.0,36246,31330,1.3761467889908258e-05,-11.193624291540537,32509
1691,0.0,47,12,0.0,0.0,1.0,0.0,36246,31796,1.3761467889908258e-05,-11.193624291540537,42854
1692,0.0,47,17,0.0,0.0,1.0,0.0,36246,34016,4.819277108433735e-06,-12.242881799364168,35465
1693,0.0,33,15,0.0,0.0,1.0,0.0,36246,34213,0.00018027643853050742,-8.62083882285798,35465
1694,0.0,32,17,0.0,0.0,1.0,0.0,36640,34016,8.346613969103928e-06,-11.693646267377375,57631
1695,0.0,34,14,0.0,0.0,1.0,0.0,36834,0,0.00908246787334475,-4.692285366139536,0
1696,0.0,43,17,0.0,0.0,1.0,0.0,37226,16650,4.819277108433735e-06,-12.242881799364168,30441
1697,0.0,31,14,0.0,0.0,1.0,0.0,37226,17903,1.2656958796690135e-05,-11.277290734497615,25860
1698,0.0,26,12,0.0,0.0,1.0,0.0,37226,25959,0.00023889574043621162,-8.339244409413736,26599
1699,0.0,29,14,0.0,0.0,0.0,0.0,37226,27284,0.0011101219252733008,-6.802174688534565,36943
1700,0.0,44,17,0.0,0.0,1.0,0.0,37226,32075,4.819277108433735e-06,-12.242881799364168,37386
1701,0.0,36,17,0.0,1.0,1.0,0.0,37226,33300,5.481927710843374e-05,-9.811413833036136,39603
1702,0.0,26,17,0.0,0.0,1.0,0.0,37226,34016,0.00014699237337445725,-8.824982851160046,44331
1703,0.0,28,16,0.0,0.0,1.0,0.0,37226,34016,8.346613969103928e-06,-11.693646267377375,35465
1704,0.0,35,17,0.0,0.0,1.0,0.0,37226,35806,4.7562300243613733e-05,-9.953422558791281,39898
1705,0.0,52,12,0.0,0.0,1.0,0.0,37226,35831,1.3761467889908258e-05,-11.193624291540537,48764
1706,0.0,36,13,0.0,0.0,0.0,0.0,37226,36150,0.0015139394575064407,-6.4915250265815825,44308
1707,0.0,28,17,0.0,0.0,1.0,0.0,37226,37507,8.346613969103928e-06,-11.693646267377375,38420
1708,0.0,44,17,0.0,0.0,1.0,0.0,37226,37596,4.819277108433735e-06,-12.242881799364168,36204
1709,0.0,37,13,0.0,0.0,1.0,0.0,37226,37596,0.00019948808142303853,-8.519556557677586,39529
1710,0.0,51,12,0.0,0.0,1.0,0.0,37226,38939,1.3761467889908258e-05,-11.193624291540537,35465
1711,0.0,50,12,0.0,0.0,1.0,0.0,37226,39029,1.3761467889908258e-05,-11.193624291540537,36943
1712,0.0,29,12,0.0,0.0,1.0,0.0,37226,39924,0.00012641723658294855,-8.975796294949085,27918
1713,0.0,32,17,0.0,0.0,1.0,0.0,37226,46548,8.346613969103928e-06,-11.693646267377375,25121
1714,0.0,38,14,0.0,0.0,1.0,0.0,37226,50129,9.129621936019942e-06,-11.603977143530358,44331
1715,0.0,47,17,0.0,0.0,1.0,0.0,37343,28906,4.819277108433735e-06,-12.242881799364168,35732
1716,0.0,47,17,0.0,0.0,1.0,0.0,37343,28906,4.819277108433735e-06,-12.242881799364168,35732
1717,0.0,31,17,0.0,0.0,1.0,0.0,38009,36705,8.346613969103928e-06,-11.693646267377375,42854
1718,0.0,50,16,0.0,0.0,1.0,0.0,38205,34911,4.819277108433735e-06,-12.242881799364168,33987
1719,0.0,39,12,0.0,0.0,1.0,0.0,38205,39387,1.8071812717494465e-05,-10.92113907000737,43740
1720,0.0,27,13,0.0,0.0,1.0,0.0,38401,34016,0.0016769102683700928,-6.389123986949514,11128
1721,0.0,46,16,0.0,0.0,1.0,0.0,38597,37596,4.819277108433735e-06,-12.242881799364168,48764
1722,0.0,46,16,0.0,0.0,1.0,0.0,38597,37596,4.819277108433735e-06,-12.242881799364168,48764
1723,0.0,33,16,0.0,0.0,1.0,0.0,38597,41177,0.00018027643853050742,-8.62083882285798,42854
1724,0.0,25,16,0.0,0.0,0.0,0.0,39185,0,0.05552293452509429,-2.8338352343794715,23389
1725,0.0,36,12,0.0,0.0,1.0,0.0,39185,15217,1.8071812717494465e-05,-10.92113907000737,16254
1726,0.0,39,12,0.0,0.0,1.0,0.0,39185,24169,1.8071812717494465e-05,-10.92113907000737,23643
1727,0.0,35,17,0.0,0.0,1.0,0.0,39185,30435,4.7562300243613733e-05,-9.953422558791281,33426
1728,0.0,35,17,0.0,0.0,1.0,0.0,39185,30435,4.7562300243613733e-05,-9.953422558791281,33426
1729,0.0,46,17,0.0,0.0,1.0,0.0,39185,31330,4.819277108433735e-06,-12.242881799364168,31298
1730,0.0,31,17,0.0,0.0,1.0,0.0,39185,33120,8.346613969103928e-06,-11.693646267377375,47287
1731,0.0,52,15,0.0,0.0,1.0,0.0,39185,35806,4.819277108433735e-06,-12.242881799364168,38420
1732,0.0,50,16,0.0,0.0,0.0,0.0,39185,35806,0.0003374906244201355,-7.993635279946244,40637
1733,0.0,49,12,0.0,0.0,1.0,0.0,39185,35806,1.3761467889908258e-05,-11.193624291540537,33987
1734,0.0,53,16,0.0,0.0,1.0,0.0,39185,35806,4.819277108433735e-06,-12.242881799364168,51720
1735,0.0,44,14,0.0,0.0,1.0,0.0,39185,35806,4.819277108433735e-06,-12.242881799364168,35465
1736,0.0,46,16,0.0,0.0,1.0,0.0,39185,35806,4.819277108433735e-06,-12.242881799364168,36943
1737,0.0,42,14,0.0,0.0,1.0,0.0,39185,36701,4.819277108433735e-06,-12.242881799364168,39898
1738,0.0,43,12,0.0,0.0,1.0,0.0,39185,36701,1.3761467889908258e-05,-11.193624291540537,45809
1739,0.0,28,12,1.0,0.0,1.0,0.0,39185,36776,0.0003622476903763262,-7.922820039238624,34726
1740,0.0,54,15,0.0,0.0,1.0,0.0,39185,37471,4.819277108433735e-06,-12.242881799364168,39304
1741,0.0,42,16,0.0,0.0,1.0,0.0,39185,37596,4.819277108433735e-06,-12.242881799364168,47287
1742,0.0,34,16,0.0,0.0,1.0,0.0,39185,37596,8.346613969103928e-06,-11.693646267377375,39898
1743,0.0,29,13,1.0,0.0,1.0,0.0,39185,37596,0.0014319033965705394,-6.547317743664753,38420
1744,0.0,47,16,0.0,0.0,1.0,0.0,39185,39387,4.819277108433735e-06,-12.242881799364168,38420
1745,0.0,33,16,0.0,0.0,1.0,0.0,39185,39387,0.00018027643853050742,-8.62083882285798,44331
1746,0.0,40,17,0.0,1.0,1.0,0.0,39185,41177,5.481927710843374e-05,-9.811413833036136,33987
1747,0.0,40,17,0.0,1.0,1.0,0.0,39185,41177,5.481927710843374e-05,-9.811413833036136,33987
1748,0.0,45,14,0.0,0.0,1.0,0.0,39185,42538,4.819277108433735e-06,-12.242881799364168,36943
1749,0.0,32,12,0.0,0.0,1.0,0.0,39185,42967,0.00012641723658294855,-8.975796294949085,41376
1750,0.0,27,17,0.0,0.0,1.0,0.0,39185,44758,0.00023790146428354818,-8.343416055868945,29554
1751,0.0,44,17,0.0,0.0,1.0,0.0,39185,44758,4.819277108433735e-06,-12.242881799364168,51720
1752,0.0,38,17,0.0,0.0,1.0,0.0,39185,48338,4.819277108433735e-06,-12.242881799364168,47287
1753,0.0,27,17,0.0,0.0,0.0,0.0,40164,41177,0.00023114869203453618,-8.372218190648834,44331
1754,0.0,38,12,1.0,0.0,1.0,0.0,40570,10741,0.0010749183277386993,-6.8344350980184725,27190
1755,0.0,39,17,0.0,0.0,1.0,0.0,40752,0,0.005016949314461058,-5.289903659833936,0
1756,0.0,46,14,0.0,0.0,1.0,0.0,41144,30256,4.819277108433735e-06,-12.242881799364168,35465
1757,0.0,25,17,0.0,0.0,1.0,0.0,41144,35806,0.00013864575940535334,-8.88344971588606,38420
1758,0.0,52,12,0.0,0.0,1.0,0.0,41144,37596,1.3761467889908258e-05,-11.193624291540537,36943
1759,0.0,35,15,0.0,0.0,1.0,0.0,41144,39387,4.7562300243613733e-05,-9.953422558791281,35465
1760,0.0,53,12,0.0,0.0,1.0,0.0,41144,42967,1.3761467889908258e-05,-11.193624291540537,39898
1761,0.0,33,16,0.0,0.0,1.0,0.0,41144,42967,0.00018027643853050742,-8.62083882285798,41080
1762,0.0,30,16,0.0,0.0,1.0,0.0,41144,42967,8.346613969103928e-06,-11.693646267377375,47287
1763,0.0,51,16,0.0,0.0,1.0,0.0,41144,44758,4.819277108433735e-06,-12.242881799364168,48764
1764,0.0,36,12,1.0,0.0,1.0,0.0,41732,37596,0.0003484914455766643,-7.961548322290556,31032
1765,0.0,33,13,0.0,0.0,1.0,0.0,41732,47264,0.0007873620942863538,-7.146034648739411,51073
1766,0.0,50,17,0.0,0.0,1.0,0.0,42124,0,0.004131503640032246,-5.484973798898074,70930
1767,0.0,47,16,0.0,0.0,1.0,0.0,42124,41177,4.819277108433735e-06,-12.242881799364168,44331
1768,0.0,36,14,0.0,0.0,1.0,0.0,42124,42072,9.129621936019942e-06,-11.603977143530358,41376
1769,0.0,48,12,0.0,0.0,1.0,0.0,42124,42967,1.3761467889908258e-05,-11.193624291540537,36943
1770,0.0,48,12,0.0,0.0,1.0,0.0,42124,42967,1.3761467889908258e-05,-11.193624291540537,36943
1771,0.0,48,17,0.0,0.0,1.0,0.0,42294,41177,4.819277108433735e-06,-12.242881799364168,41376
1772,0.0,37,17,0.0,0.0,1.0,0.0,42712,43862,4.819277108433735e-06,-12.242881799364168,31032
1773,0.0,50,17,0.0,0.0,1.0,0.0,42907,44758,4.819277108433735e-06,-12.242881799364168,39898
1774,0.0,34,16,0.0,0.0,1.0,0.0,43103,21304,8.346613969103928e-06,-11.693646267377375,20688
1775,0.0,30,12,1.0,0.0,1.0,0.0,43103,21483,0.0004436677173877096,-7.719990893806234,26599
1776,0.0,28,16,0.0,0.0,1.0,0.0,43103,32225,8.346613969103928e-06,-11.693646267377375,38420
1777,0.0,37,12,0.0,0.0,0.0,0.0,43103,32225,0.0027521563633687534,-5.892614591931871,32509
1778,0.0,46,12,0.0,0.0,1.0,0.0,43103,35806,1.3761467889908258e-05,-11.193624291540537,31032
1779,0.0,32,12,0.0,1.0,1.0,0.0,43103,37596,0.0003971876153392245,-7.8307045396754456,38420
1780,0.0,29,12,0.0,0.0,0.0,0.0,43103,37596,0.0028302373565458378,-5.864560449221713,50242
1781,0.0,40,16,0.0,0.0,1.0,0.0,43103,39387,4.819277108433735e-06,-12.242881799364168,45809
1782,0.0,44,15,0.0,0.0,1.0,0.0,43103,39387,4.819277108433735e-06,-12.242881799364168,51232
1783,0.0,38,12,0.0,0.0,1.0,0.0,43103,41177,1.8071812717494465e-05,-10.92113907000737,36943
1784,0.0,51,12,0.0,0.0,1.0,0.0,43103,41356,1.3761467889908258e-05,-11.193624291540537,7388
1785,0.0,33,17,0.0,0.0,1.0,0.0,43103,43236,0.00018027643853050742,-8.62083882285798,40415
1786,0.0,31,16,0.0,0.0,0.0,0.0,43103,44364,0.00027766031994151284,-8.188834363205565,54675
1787,0.0,43,17,0.0,0.0,1.0,0.0,43103,44758,4.819277108433735e-06,-12.242881799364168,41376
1788,0.0,45,16,0.0,0.0,1.0,0.0,43103,48338,4.819277108433735e-06,-12.242881799364168,59109
1789,0.0,33,17,0.0,0.0,1.0,0.0,43566,42967,0.00018027643853050742,-8.62083882285798,40785
1790,0.0,25,12,0.0,0.0,1.0,0.0,43691,30435,0.0006298926141581461,-7.369331115744954,33987
1791,0.0,51,12,0.0,0.0,1.0,0.0,44083,41177,1.3761467889908258e-05,-11.193624291540537,48764
1792,0.0,41,17,0.0,0.0,1.0,0.0,44083,43862,4.819277108433735e-06,-12.242881799364168,66497
1793,0.0,42,12,0.0,0.0,1.0,0.0,44475,47232,1.3761467889908258e-05,-11.193624291540537,70930
1794,0.0,37,13,0.0,0.0,1.0,0.0,45063,35806,0.00019948808142303853,-8.519556557677586,27337
1795,0.0,29,17,0.0,0.0,1.0,0.0,45063,35806,8.346613969103928e-06,-11.693646267377375,0
1796,0.0,37,15,0.0,1.0,1.0,0.0,45063,39387,5.481927710843374e-05,-9.811413833036136,45809
1797,0.0,46,16,0.0,0.0,1.0,0.0,45063,46011,4.819277108433735e-06,-12.242881799364168,42854
1798,0.0,40,12,0.0,0.0,1.0,0.0,45063,48338,1.8071812717494465e-05,-10.92113907000737,44331
1799,0.0,46,17,0.0,0.0,1.0,0.0,45063,57290,4.819277108433735e-06,-12.242881799364168,36943
1800,0.0,47,12,0.0,0.0,1.0,0.0,45063,62661,1.3761467889908258e-05,-11.193624291540537,0
1801,0.0,34,13,0.0,0.0,1.0,0.0,45846,42072,0.00023331844858673903,-8.362872959723308,41376
1802,0.0,52,17,0.0,0.0,1.0,0.0,46042,59080,4.819277108433735e-06,-12.242881799364168,70930
1803,0.0,52,17,0.0,0.0,1.0,0.0,46042,59080,4.819277108433735e-06,-12.242881799364168,70930
1804,0.0,50,12,0.0,0.0,1.0,0.0,47022,44758,1.3761467889908258e-05,-11.193624291540537,8866
1805,0.0,49,17,0.0,0.0,1.0,0.0,47022,46548,4.819277108433735e-06,-12.242881799364168,42854
1806,0.0,49,17,0.0,0.0,1.0,0.0,47022,48338,4.819277108433735e-06,-12.242881799364168,44331
1807,0.0,49,17,0.0,0.0,1.0,0.0,47022,48338,4.819277108433735e-06,-12.242881799364168,44331
1808,0.0,53,12,0.0,0.0,1.0,0.0,47649,47894,1.3761467889908258e-05,-11.193624291540537,50242
1809,0.0,33,13,0.0,0.0,1.0,0.0,48981,32225,0.0007873620942863538,-7.146034648739411,0
1810,0.0,44,17,0.0,0.0,1.0,0.0,48981,42967,4.819277108433735e-06,-12.242881799364168,39898
1811,0.0,37,17,0.0,0.0,1.0,0.0,48981,44758,4.819277108433735e-06,-12.242881799364168,44331
1812,0.0,55,16,0.0,0.0,1.0,0.0,48981,46548,4.819277108433735e-06,-12.242881799364168,47878
1813,0.0,55,16,0.0,0.0,1.0,0.0,48981,46548,4.819277108433735e-06,-12.242881799364168,47878
1814,0.0,37,17,0.0,0.0,1.0,0.0,48981,46548,4.819277108433735e-06,-12.242881799364168,49503
1815,0.0,44,14,0.0,0.0,1.0,0.0,48981,48338,4.819277108433735e-06,-12.242881799364168,50242
1816,0.0,41,13,0.0,0.0,1.0,0.0,48981,48338,0.00019948808142303853,-8.519556557677586,38420
1817,0.0,39,17,0.0,0.0,1.0,0.0,48981,48338,4.819277108433735e-06,-12.242881799364168,51720
1818,0.0,48,16,0.0,0.0,1.0,0.0,48981,50129,4.819277108433735e-06,-12.242881799364168,48764
1819,0.0,39,17,0.0,0.0,1.0,0.0,48981,50129,4.819277108433735e-06,-12.242881799364168,44331
1820,0.0,45,12,0.0,0.0,1.0,0.0,48981,50487,1.3761467889908258e-05,-11.193624291540537,46548
1821,0.0,26,16,0.0,0.0,1.0,0.0,48981,53709,0.00014699237337445725,-8.824982851160046,45809
1822,0.0,34,16,0.0,0.0,1.0,0.0,48981,62661,8.346613969103928e-06,-11.693646267377375,54675
1823,0.0,47,16,0.0,0.0,1.0,0.0,48981,62741,4.819277108433735e-06,-12.242881799364168,65019
1824,0.0,37,16,0.0,0.0,1.0,0.0,49961,41177,4.819277108433735e-06,-12.242881799364168,39898
1825,0.0,43,17,0.0,0.0,1.0,0.0,49961,48338,4.819277108433735e-06,-12.242881799364168,51424
1826,0.0,43,16,0.0,0.0,1.0,0.0,49961,50129,4.819277108433735e-06,-12.242881799364168,52969
1827,0.0,33,17,0.0,0.0,1.0,0.0,50940,39387,0.00018027643853050742,-8.62083882285798,46105
1828,0.0,29,17,1.0,0.0,1.0,0.0,50940,41177,0.0006451936578457425,-7.345314639626004,39603
1829,0.0,36,14,0.0,0.0,1.0,0.0,50940,42967,9.129621936019942e-06,-11.603977143530358,44331
1830,0.0,37,17,0.0,0.0,1.0,0.0,50940,44758,4.819277108433735e-06,-12.242881799364168,50242
1831,0.0,44,12,0.0,0.0,1.0,0.0,50940,44758,1.3761467889908258e-05,-11.193624291540537,41376
1832,0.0,42,17,0.0,0.0,0.0,0.0,50940,50129,0.0023545846415141524,-6.049033579064435,48764
1833,0.0,47,16,0.0,0.0,1.0,0.0,50940,53709,4.819277108433735e-06,-12.242881799364168,54675
1834,0.0,28,16,0.0,0.0,1.0,0.0,51920,48875,8.346613969103928e-06,-11.693646267377375,56153
1835,0.0,44,17,0.0,0.0,1.0,0.0,51920,56753,4.819277108433735e-06,-12.242881799364168,53198
1836,0.0,32,16,0.0,0.0,1.0,0.0,52900,48338,8.346613969103928e-06,-11.693646267377375,0
1837,0.0,47,17,0.0,0.0,1.0,0.0,52900,49233,4.819277108433735e-06,-12.242881799364168,54675
1838,0.0,28,16,0.0,0.0,1.0,0.0,52900,59080,8.346613969103928e-06,-11.693646267377375,36943
1839,0.0,45,15,0.0,0.0,1.0,0.0,53879,51919,4.819277108433735e-06,-12.242881799364168,45809
1840,0.0,52,16,0.0,0.0,1.0,0.0,53879,53709,4.819277108433735e-06,-12.242881799364168,63837
1841,0.0,32,12,0.0,0.0,1.0,0.0,54859,39387,0.00012641723658294855,-8.975796294949085,40878
1842,0.0,41,17,0.0,0.0,1.0,0.0,54859,52993,4.819277108433735e-06,-12.242881799364168,50242
1843,0.0,42,16,0.0,0.0,1.0,0.0,54859,53709,4.819277108433735e-06,-12.242881799364168,53641
1844,0.0,48,14,0.0,0.0,1.0,0.0,56818,57290,4.819277108433735e-06,-12.242881799364168,57631
1845,0.0,47,14,0.0,0.0,1.0,0.0,58778,26854,4.819277108433735e-06,-12.242881799364168,32509
1846,0.0,36,17,0.0,0.0,1.0,0.0,58778,46548,4.819277108433735e-06,-12.242881799364168,56153
1847,0.0,38,16,0.0,0.0,1.0,0.0,58778,50129,4.819277108433735e-06,-12.242881799364168,38420
1848,0.0,48,17,1.0,0.0,1.0,0.0,58778,51842,4.9106995186230394e-05,-9.921459956959117,59109
1849,0.0,44,17,0.0,0.0,1.0,0.0,58778,53709,4.819277108433735e-06,-12.242881799364168,53198
1850,0.0,38,16,0.0,0.0,1.0,0.0,58778,53709,4.819277108433735e-06,-12.242881799364168,41376
1851,0.0,46,16,0.0,0.0,1.0,0.0,62696,57290,4.819277108433735e-06,-12.242881799364168,63542
1852,0.0,52,17,0.0,0.0,1.0,0.0,63676,60870,4.819277108433735e-06,-12.242881799364168,59109
1853,0.0,45,7,1.0,0.0,1.0,1.0,0,0,0.2662609883840353,-1.013676408281047,11821
1854,0.0,53,7,0.0,1.0,0.0,1.0,0,0,0.25018900009754896,-1.0976045420148297,0
1855,0.0,47,8,0.0,0.0,0.0,1.0,0,0,0.293768867966312,-0.8771492716289659,0
1856,0.0,55,8,1.0,0.0,1.0,1.0,0,0,0.2093871871936517,-1.3286232487873832,0
1857,0.0,55,8,0.0,0.0,1.0,1.0,0,0,0.03288008271148874,-3.3814554116291893,0
1858,0.0,53,8,1.0,0.0,1.0,1.0,0,0,0.2093871871936517,-1.3286232487873832,0
1859,0.0,41,8,0.0,0.0,1.0,1.0,0,0,0.04795169311525292,-2.9884216653082363,0
1860,0.0,45,8,0.0,0.0,1.0,1.0,0,0,0.041512547669857805,-3.13936073642838,0
1861,0.0,45,9,1.0,0.0,1.0,1.0,0,0,0.24540687573502473,-1.1232611453630328,0
1862,0.0,46,9,0.0,1.0,1.0,1.0,0,0,0.061050309029220554,-2.7330636380844378,0
1863,0.0,48,9,0.0,0.0,1.0,1.0,0,0,0.030048913408380316,-3.474419143159229,0
1864,0.0,46,9,0.0,1.0,1.0,1.0,0,0,0.061050309029220554,-2.7330636380844378,0
1865,0.0,45,9,1.0,0.0,1.0,1.0,0,0,0.24540687573502473,-1.1232611453630328,0
1866,0.0,54,9,0.0,0.0,1.0,1.0,0,0,0.030048913408380316,-3.474419143159229,0
1867,0.0,23,9,1.0,0.0,0.0,1.0,0,0,0.8557024189612406,1.7800449720788851,218
1868,0.0,40,10,0.0,1.0,1.0,1.0,0,0,0.08854113573004625,-2.331579208859082,0
1869,0.0,54,10,1.0,0.0,1.0,1.0,0,0,0.1853237405750449,-1.4806865618698632,0
1870,0.0,54,10,1.0,0.0,1.0,1.0,0,0,0.1853237405750449,-1.4806865618698632,0
1871,0.0,25,11,1.0,0.0,0.0,1.0,0,0,0.8867000061444368,2.0574675995131266,3694
1872,0.0,41,11,0.0,0.0,1.0,1.0,0,0,0.062344352334576685,-2.7107096802559694,14481
1873,0.0,23,11,1.0,0.0,0.0,1.0,0,0,0.8336259723033497,1.6115463946565665,0
1874,0.0,23,11,1.0,0.0,0.0,1.0,0,0,0.8336259723033497,1.6115463946565665,0
1875,0.0,52,8,0.0,0.0,1.0,1.0,0,0,0.03288008271148874,-3.3814554116291893,0
1876,0.0,45,9,0.0,0.0,1.0,1.0,0,0,0.03508742132270135,-3.314194805822568,0
1877,0.0,40,8,0.0,0.0,1.0,1.0,0,0,0.04799015465371446,-2.9875794979994637,0
1878,0.0,37,10,0.0,0.0,1.0,1.0,0,0,0.07504205089283211,-2.511699641068483,0
1879,0.0,48,11,0.0,0.0,1.0,1.0,0,0,0.04841606646684224,-2.9782961842184674,11821
1880,0.0,36,9,0.0,0.0,1.0,1.0,0,0,0.08026659102234121,-2.4387303728470306,0
1881,0.0,40,7,0.0,0.0,1.0,1.0,0,0,0.0440799380191204,-3.0766695336366174,8866
1882,0.0,40,7,0.0,0.0,1.0,1.0,0,0,0.0440799380191204,-3.0766695336366174,8866
1883,0.0,38,11,0.0,0.0,1.0,1.0,0,0,0.07800873314218157,-2.4697149677736263,0
1884,0.0,53,7,0.0,0.0,1.0,1.0,0,0,0.028969866076894668,-3.512101312765943,0
1885,0.0,52,10,1.0,0.0,1.0,1.0,0,0,0.1853237405750449,-1.4806865618698632,0
1886,0.0,52,7,0.0,0.0,1.0,1.0,0,0,0.028969866076894668,-3.512101312765943,0
1887,0.0,43,9,1.0,0.0,1.0,1.0,0,0,0.2979844905709767,-0.8569140568983202,0
1888,0.0,40,8,0.0,0.0,1.0,1.0,0,0,0.04799015465371446,-2.9875794979994637,0
1889,0.0,53,8,0.0,0.0,1.0,1.0,0,0,0.03288008271148874,-3.3814554116291893,0
1890,0.0,50,11,0.0,0.0,1.0,1.0,0,0,0.04841606646684224,-2.9782961842184674,10344
1891,0.0,33,11,0.0,0.0,1.0,1.0,0,0,0.11761926094060221,-2.0151708342372054,0
1892,0.0,33,11,0.0,0.0,1.0,1.0,0,0,0.11761926094060221,-2.0151708342372054,0
1893,0.0,52,8,0.0,0.0,1.0,1.0,0,0,0.03288008271148874,-3.3814554116291893,0
1894,0.0,50,8,0.0,0.0,1.0,1.0,0,0,0.03288008271148874,-3.3814554116291893,0
1895,0.0,41,8,0.0,0.0,1.0,1.0,0,0,0.04795169311525292,-2.9884216653082363,7093
1896,0.0,53,9,0.0,0.0,1.0,1.0,0,0,0.030048913408380316,-3.474419143159229,0
1897,0.0,48,11,0.0,0.0,0.0,1.0,0,0,0.307371560752406,-0.8124363813210743,0
1898,0.0,31,9,0.0,0.0,1.0,1.0,0,0,0.16722639112763174,-1.605413297296754,0
1899,0.0,42,8,0.0,0.0,1.0,1.0,0,0,0.045124353213775094,-3.0521590358754325,0
1900,0.0,54,10,0.0,0.0,1.0,1.0,0,0,0.031389744802534245,-3.429381076638897,0
1901,0.0,50,10,0.0,0.0,1.0,1.0,0,0,0.031389744802534245,-3.429381076638897,0
1902,0.0,22,9,0.0,0.0,1.0,1.0,0,0,0.3090061423161954,-0.804769779957158,16846
1903,0.0,41,8,0.0,0.0,1.0,1.0,0,0,0.04795169311525292,-2.9884216653082363,0
1904,0.0,41,8,0.0,0.0,1.0,1.0,0,0,0.04795169311525292,-2.9884216653082363,0
1905,0.0,45,9,0.0,0.0,1.0,1.0,0,313,0.04164265427001988,-3.136095735671901,4063
1906,0.0,21,8,1.0,0.0,0.0,1.0,0,895,0.8119726415984099,1.4628791713261153,2305
1907,0.0,46,8,0.0,0.0,1.0,1.0,0,8951,0.03107434129177298,-3.4398054495447354,0
1908,0.0,46,8,0.0,0.0,1.0,1.0,0,8951,0.03107434129177298,-3.4398054495447354,0
1909,0.0,21,11,1.0,0.0,0.0,1.0,0,9846,0.5124367328291977,0.04975719442480126,5615
1910,0.0,53,8,0.0,0.0,1.0,1.0,0,14322,0.01793886737786572,-4.0026838388567905,0
1911,0.0,34,11,0.0,0.0,1.0,1.0,0,19693,0.03545163931768331,-3.3034904767621223,14777
1912,0.0,49,9,0.0,0.0,1.0,1.0,0,21483,0.0194262003225476,-3.9215152231843753,69453
1913,0.0,54,8,0.0,0.0,1.0,1.0,293,537,0.04786390109328421,-2.990346395935692,295
1914,0.0,52,7,1.0,0.0,0.0,1.0,293,5012,0.21236953069019718,-1.3107012057080571,0
1915,0.0,29,11,1.0,0.0,1.0,1.0,783,0,0.7037377709682583,0.8651608313189934,23643
1916,0.0,37,9,0.0,0.0,0.0,1.0,940,3544,0.17734791028902838,-1.534419978874996,1152
1917,0.0,20,10,0.0,0.0,0.0,1.0,1381,3523,0.15686307162720248,-1.6817561051136272,9309
1918,0.0,23,10,1.0,0.0,0.0,1.0,1469,5370,0.2235306120524619,-1.2452088473396845,0
1919,0.0,19,11,1.0,0.0,0.0,1.0,1567,0,0.5200691265114292,0.0803196583737119,0
1920,0.0,20,11,0.0,0.0,1.0,1.0,1567,3222,0.08499824764586025,-2.3762953400680744,2955
1921,0.0,35,9,1.0,0.0,0.0,1.0,1567,5370,0.1472793727926301,-1.7561006976073337,5910
1922,0.0,21,10,1.0,0.0,0.0,1.0,1567,8145,0.1307948591961196,-1.893949027304535,8275
1923,0.0,41,8,1.0,0.0,1.0,1.0,1716,8378,0.0350813630198338,-3.31437376241173,7388
1924,0.0,41,8,1.0,0.0,1.0,1.0,1716,8378,0.0350813630198338,-3.31437376241173,7388
1925,0.0,42,8,0.0,0.0,1.0,1.0,1763,0,0.016102970928655546,-4.112517461626799,8866
1926,0.0,42,8,0.0,0.0,1.0,1.0,1763,0,0.016102970928655546,-4.112517461626799,8866
1927,0.0,20,8,1.0,0.0,0.0,1.0,1880,3652,0.31243055069632664,-0.7887806349015867,1018
1928,0.0,30,9,1.0,0.0,0.0,1.0,1959,162,0.5002752852350836,0.0011011410515965145,16809
1929,0.0,29,10,1.0,0.0,0.0,1.0,2037,2685,0.46200788505078255,-0.15226194568057888,0
1930,0.0,22,11,1.0,0.0,0.0,1.0,2351,0,0.485609410993967,-0.05757825797334945,879
1931,0.0,25,10,1.0,0.0,0.0,1.0,2838,5370,0.16383351169722216,-1.6299770023351672,11437
1932,0.0,20,8,1.0,0.0,0.0,1.0,2938,1838,0.6771572950017519,0.7407383639599314,1226
1933,0.0,55,7,0.0,0.0,0.0,1.0,2938,8342,0.03496677617881915,-3.3177641709459236,0
1934,0.0,20,10,0.0,0.0,0.0,1.0,2938,8951,0.03988394935660347,-3.1810801920441167,10344
1935,0.0,22,9,1.0,0.0,0.0,1.0,3134,4345,0.24313354676435867,-1.1355759545279889,13299
1936,0.0,24,10,1.0,0.0,0.0,1.0,3152,3902,0.28971200869157726,-0.896783153275297,7447
1937,0.0,19,11,0.0,0.0,0.0,1.0,3221,12532,0.025092292173684867,-3.6597820936139365,14777
1938,0.0,51,7,0.0,0.0,1.0,1.0,3291,8951,0.007691158817929594,-4.859962926964906,0
1939,0.0,50,10,1.0,0.0,1.0,1.0,3526,0,0.08105518225349527,-2.4280958894677775,0
1940,0.0,23,11,0.0,1.0,0.0,1.0,3526,2685,0.3280871134072434,-0.7168495362958826,8127
1941,0.0,20,11,0.0,0.0,0.0,1.0,3844,9846,0.016289524126947057,-4.100809412321645,13299
1942,0.0,43,10,1.0,0.0,1.0,1.0,3918,2148,0.08571210777132421,-2.3671514059112675,0
1943,0.0,35,10,1.0,0.0,1.0,1.0,3918,3795,0.08590066433654302,-2.3647476850971305,7802
1944,0.0,35,10,1.0,0.0,1.0,1.0,3918,3795,0.08590066433654302,-2.3647476850971305,7802
1945,0.0,35,10,1.0,0.0,1.0,1.0,3918,3795,0.08590066433654302,-2.3647476850971305,7802
1946,0.0,40,10,0.0,0.0,1.0,1.0,3918,4833,0.012858017186293511,-4.340846359647859,7248
1947,0.0,44,11,1.0,0.0,1.0,1.0,3918,5370,0.027903293776526197,-3.5507105531453824,2955
1948,0.0,23,10,1.0,0.0,0.0,1.0,3918,7161,0.07017562710693985,-2.5839946634242734,6649
1949,0.0,41,8,1.0,0.0,1.0,1.0,3918,11171,0.009936609571654771,-4.601543098700933,5910
1950,0.0,25,11,1.0,0.0,0.0,1.0,4055,11637,0.05198288458896312,-2.9034580344408982,0
1951,0.0,19,11,0.0,0.0,0.0,1.0,4114,4654,0.06583202657757373,-2.652549819102226,8570
1952,0.0,38,9,1.0,0.0,1.0,1.0,4228,7941,0.016223177906326002,-4.10495810984166,11245
1953,0.0,50,9,1.0,0.0,1.0,1.0,4333,7469,0.014370978233955108,-4.2280692656212215,6383
1954,0.0,18,11,0.0,0.0,0.0,1.0,4351,32270,0.018978564277079387,-3.945284163885327,2364
1955,0.0,22,11,1.0,0.0,1.0,1.0,4449,6187,0.01752568414157742,-4.026406731587302,14570
1956,0.0,19,10,1.0,0.0,0.0,1.0,4702,3437,0.31932174635341143,-0.7568905291601363,2364
1957,0.0,25,10,1.0,0.0,1.0,1.0,4702,4282,0.084079568182071,-2.3881659053164612,4947
1958,0.0,51,7,0.0,0.0,1.0,1.0,4702,8951,0.00264192497037864,-5.933602051069106,11082
1959,0.0,19,9,0.0,0.0,1.0,1.0,4858,6087,0.08251162845865492,-2.4087006713570567,10639
1960,0.0,24,8,1.0,0.0,1.0,1.0,4898,5370,0.04487052455286234,-3.0580657972531236,8127
1961,0.0,19,10,0.0,0.0,0.0,1.0,5094,4296,0.10324537405020726,-2.1616738475218615,14777
1962,0.0,44,11,1.0,0.0,0.0,1.0,5172,6266,0.05622434521027008,-2.820538632181609,0
1963,0.0,52,8,0.0,0.0,1.0,1.0,5290,0,0.008766898119161043,-4.727966673928553,6797
1964,0.0,20,9,0.0,0.0,1.0,1.0,5387,8951,0.012832643743116618,-4.342847368724384,13299
1965,0.0,24,11,1.0,0.0,1.0,1.0,5427,0,0.23083166120093715,-1.2036211461875226,1329
1966,0.0,19,11,1.0,0.0,1.0,1.0,5485,7590,0.01525170440696428,-4.167694809848481,11348
1967,0.0,22,11,1.0,0.0,0.0,1.0,5485,13427,0.0475581130995107,-2.99707669708213,8866
1968,0.0,50,10,1.0,0.0,1.0,1.0,5681,0,0.04419439291738472,-3.0739566285394355,0
1969,0.0,20,8,0.0,0.0,0.0,1.0,5681,3584,0.12458241973094551,-1.9497335043640243,7240
1970,0.0,26,8,1.0,0.0,1.0,1.0,5681,4296,0.06652080256518803,-2.641403958977334,7093
1971,0.0,38,10,1.0,0.0,1.0,1.0,5877,0,0.0773851795162322,-2.478416551675655,0
1972,0.0,25,8,0.0,0.0,1.0,1.0,5877,0,0.06798166339336804,-2.6181144761301725,8866
1973,0.0,24,9,1.0,0.0,0.0,1.0,5877,5370,0.14379066344132174,-1.7841563825091953,13299
1974,0.0,25,9,1.0,0.0,1.0,1.0,5877,6266,0.021133041447756577,-3.835557976988613,12560
1975,0.0,43,7,1.0,0.0,1.0,1.0,5877,6815,0.008622417539568526,-4.744729970946633,295
1976,0.0,18,11,1.0,0.0,0.0,1.0,5877,6932,0.10955994663959133,-2.095243925156052,9457
1977,0.0,28,7,1.0,0.0,1.0,1.0,5877,8142,0.011052225374655222,-4.494009724926326,1477
1978,0.0,22,8,1.0,0.0,1.0,1.0,5877,12030,0.016825944020897318,-4.0678641883931865,857
1979,0.0,34,7,1.0,0.0,1.0,1.0,5877,12532,0.009431369371235485,-4.654237852167532,14777
1980,0.0,25,9,0.0,0.0,0.0,1.0,5877,13427,0.03256908817898328,-3.3912803902201976,12117
1981,0.0,43,10,0.0,0.0,1.0,1.0,5877,17903,0.00242837178754466,-6.018102967424545,20688
1982,0.0,31,9,1.0,0.0,1.0,1.0,6024,5621,0.08604517645888721,-2.362908677045461,10196
1983,0.0,27,8,1.0,0.0,0.0,1.0,6269,6624,0.0616568761942448,-2.7225309263590987,7388
1984,0.0,22,11,0.0,0.0,1.0,1.0,6442,5818,0.028693405790064436,-3.521974836487548,2216
1985,0.0,32,11,1.0,0.0,1.0,1.0,6524,0,0.11661674893119985,-2.0248662314089736,930
1986,0.0,55,8,0.0,0.0,1.0,1.0,6661,3820,0.013757307721856245,-4.27233230891621,4255
1987,0.0,20,11,0.0,0.0,1.0,1.0,6661,5370,0.0168871646196645,-4.064170056905112,1182
1988,0.0,33,8,1.0,0.0,1.0,1.0,6661,8579,0.010739176170667844,-4.523059642158709,9169
1989,0.0,22,11,0.0,0.0,1.0,1.0,6802,1790,0.08673498627631553,-2.354168770435935,7388
1990,0.0,26,8,1.0,0.0,1.0,1.0,6857,3580,0.11050172883172812,-2.085626397133113,1994
1991,0.0,20,10,1.0,0.0,1.0,1.0,6857,6831,0.0279858935663357,-3.547669735124524,9457
1992,0.0,45,8,1.0,0.0,1.0,1.0,6857,9537,0.008976153482128185,-4.704167149324389,9408
1993,0.0,33,11,1.0,0.0,1.0,1.0,6857,11637,0.006499487294055485,-5.029511282099121,0
1994,0.0,25,7,1.0,0.0,1.0,1.0,7131,10741,0.012210094095377926,-4.393207034777933,8866
1995,0.0,35,11,1.0,0.0,1.0,1.0,7335,8557,0.012228049688662822,-4.391719384046557,7388
1996,0.0,35,11,1.0,0.0,1.0,1.0,7335,8557,0.012228049688662822,-4.391719384046557,7388
1997,0.0,29,10,0.0,0.0,1.0,1.0,7347,0,0.046943969636498155,-3.010718940433967,0
1998,0.0,41,10,0.0,1.0,1.0,1.0,7562,9134,0.009666883006449502,-4.629335447297523,11821
1999,0.0,29,10,1.0,0.0,1.0,1.0,7641,8122,0.010664165046180068,-4.530144784502841,5910
2000,0.0,42,10,1.0,0.0,0.0,1.0,7837,1718,0.3273485330050652,-0.7202018623971805,0
2001,0.0,22,11,1.0,0.0,1.0,1.0,7837,5012,0.046763645079499976,-3.014756797857279,3694
2002,0.0,27,11,1.0,0.0,1.0,1.0,7837,5370,0.03931630895058941,-3.196005790347396,7388
2003,0.0,28,9,1.0,0.0,1.0,1.0,7837,8235,0.016062434097657438,-4.1150791859755795,8718
2004,0.0,45,9,1.0,0.0,1.0,1.0,7837,8951,0.013205717965344324,-4.313811675196245,8866
2005,0.0,39,8,0.0,0.0,1.0,1.0,7837,9846,0.0025265668541633625,-5.978364108394979,0
2006,0.0,34,9,1.0,0.0,1.0,1.0,7837,11211,0.01553218372048455,-4.149186966809018,12037
2007,0.0,22,11,0.0,0.0,1.0,1.0,7837,13964,0.00217826968485409,-6.127043794324557,15072
2008,0.0,32,10,0.0,0.0,1.0,1.0,7837,16112,0.002194959392300024,-6.119394360870764,11082
2009,0.0,27,7,1.0,0.0,1.0,1.0,7954,7161,0.011914580488422352,-4.418006249768383,5910
2010,0.0,21,11,1.0,0.0,1.0,1.0,8032,4848,0.07102812771152793,-2.571002497408213,8570
2011,0.0,40,11,0.0,0.0,1.0,1.0,8072,0,0.013653213990150063,-4.280033051647193,1477
2012,0.0,26,8,0.0,0.0,1.0,1.0,8150,7447,0.005843028778973186,-5.136645823985772,9900
2013,0.0,33,10,0.0,0.0,1.0,1.0,8272,2619,0.0285648936943517,-3.526595998531137,0
2014,0.0,40,9,1.0,0.0,1.0,1.0,8424,6572,0.014132968106654287,-4.245011257691199,8866
2015,0.0,27,8,0.0,0.0,1.0,1.0,8424,7698,0.006958413394357803,-4.96082105515364,15072
2016,0.0,29,10,1.0,0.0,1.0,1.0,8464,8325,0.010664165046180068,-4.530144784502841,23643
2017,0.0,29,10,1.0,0.0,1.0,1.0,8659,10892,0.01040919428594615,-4.554602048576144,51
2018,0.0,26,10,1.0,0.0,1.0,1.0,8816,0,0.1791321460305773,-1.5222383596389768,7388
2019,0.0,25,10,0.0,1.0,1.0,1.0,8816,8056,0.026018878445123444,-3.6225695524815595,13299
2020,0.0,40,8,1.0,0.0,1.0,1.0,8816,8056,0.008881183494850505,-4.7148995981376345,7184
2021,0.0,40,7,1.0,0.0,1.0,1.0,8816,8951,0.008084666784666452,-4.809668475899079,11821
2022,0.0,49,7,1.0,0.0,0.0,1.0,8816,11270,0.021489390219674047,-3.818472294501577,8969
2023,0.0,46,9,0.0,0.0,1.0,1.0,8816,14322,0.003398119678757645,-5.681129129599696,13299
2024,0.0,50,8,1.0,0.0,1.0,1.0,8985,9846,0.008666036732009618,-4.7396399118500225,9102
2025,0.0,24,8,1.0,0.0,1.0,1.0,9008,13033,0.014829557576352077,-4.196192341508858,16254
2026,0.0,23,9,0.0,0.0,1.0,1.0,9012,0,0.08609102814671168,-2.362325770041393,14777
2027,0.0,24,10,1.0,0.0,1.0,1.0,9012,6624,0.020724048174181577,-3.8555187004217872,8955
2028,0.0,20,10,0.0,1.0,1.0,1.0,9208,8951,0.02251863504820767,-3.7706360369032463,16254
2029,0.0,30,11,1.0,0.0,1.0,1.0,9228,8808,0.0075980829732322,-4.872232208413377,17881
2030,0.0,26,10,1.0,0.0,1.0,1.0,9404,4923,0.07140705280071026,-2.5652738372781574,17732
2031,0.0,49,11,0.0,0.0,1.0,1.0,9404,11637,0.001688333712803519,-6.3823234446350146,9457
2032,0.0,27,10,0.0,0.0,1.0,1.0,9404,11812,0.0021519515666116886,-6.139225872815627,11821
2033,0.0,28,8,0.0,0.0,1.0,1.0,9404,14322,0.0017957140681810417,-6.320555198280095,12560
2034,0.0,22,10,1.0,0.0,1.0,1.0,9717,9023,0.015437955061282706,-4.155367826261962,13299
2035,0.0,40,7,1.0,0.0,1.0,1.0,9737,8674,0.008029111229110899,-4.81661992033038,9221
2036,0.0,34,10,0.0,0.0,1.0,1.0,9796,2327,0.031147733240457207,-3.4373706673642066,26599
2037,0.0,38,7,0.0,0.0,1.0,1.0,9796,5370,0.010775033216489113,-4.519690055975578,11821
2038,0.0,20,10,1.0,0.0,1.0,1.0,9796,5370,0.08210105229533564,-2.4141364721928813,7388
2039,0.0,34,9,1.0,0.0,1.0,1.0,9796,8951,0.015309775693728694,-4.163835540021235,10344
2040,0.0,46,9,1.0,0.0,0.0,1.0,9796,9309,0.02722119243284171,-3.576160922494867,8866
2041,0.0,24,11,1.0,0.0,1.0,1.0,9796,10741,0.011394429525801459,-4.463170837676512,13299
2042,0.0,32,11,1.0,0.0,0.0,1.0,9796,14322,0.024605024343452953,-3.6798918285155495,886
2043,0.0,43,11,0.0,0.0,1.0,1.0,9796,21483,0.0018282649149153583,-6.302557957587089,22165
2044,0.0,24,11,0.0,0.0,1.0,1.0,9796,24885,0.002197875528570021,-6.118063759606312,25121
2045,0.0,37,7,0.0,0.0,1.0,1.0,9796,29719,0.0017801411469292425,-6.329280894313183,5172
2046,0.0,23,11,1.0,0.0,1.0,1.0,9980,6266,0.01099603623682738,-4.4991634737112465,10344
2047,0.0,21,11,0.0,1.0,1.0,1.0,9992,4114,0.04013946255938208,-3.174428046284163,17732
2048,0.0,39,11,1.0,0.0,1.0,1.0,9992,11637,0.00605305567657416,-5.101120614254164,7260
2049,0.0,41,10,1.0,0.0,1.0,1.0,10090,14757,0.007490278222020632,-4.886630865119281,9752
2050,0.0,32,10,1.0,0.0,0.0,1.0,10188,8951,0.027604207948303452,-3.561794692051477,0
2051,0.0,37,11,1.0,0.0,1.0,1.0,10188,13964,0.008366685124805501,-4.775095633068176,13299
2052,0.0,37,11,1.0,0.0,1.0,1.0,10188,13964,0.008366685124805501,-4.775095633068176,13299
2053,0.0,50,11,1.0,0.0,0.0,1.0,10188,17903,0.018728101832067186,-3.9588244178545486,14777
2054,0.0,47,8,0.0,1.0,1.0,1.0,10286,7161,0.025900539245507257,-3.627249625414833,1477
2055,0.0,29,10,1.0,0.0,1.0,1.0,10384,7304,0.01136333897350139,-4.465934590137278,11501
2056,0.0,19,10,0.0,0.0,1.0,1.0,10431,6982,0.01134340144478895,-4.467710846090303,9752
2057,0.0,28,7,1.0,0.0,1.0,1.0,10487,8260,0.010498894551993616,-4.545930911361819,8127
2058,0.0,25,10,0.0,0.0,1.0,1.0,10580,8647,0.003049105534106816,-5.789853235352832,8866
2059,0.0,39,9,1.0,0.0,1.0,1.0,10580,9667,0.013207330701808389,-4.3136879242294,11821
2060,0.0,39,9,1.0,0.0,1.0,1.0,10580,9667,0.013207330701808389,-4.3136879242294,11821
2061,0.0,34,8,1.0,0.0,1.0,1.0,10580,12532,0.010500895128038975,-4.5457383565962886,19210
2062,0.0,39,7,0.0,0.0,1.0,1.0,10580,17545,0.0017801411469292425,-6.329280894313183,0
2063,0.0,53,7,1.0,0.0,1.0,1.0,10583,17525,0.008020815826243763,-4.817661982693467,15926
2064,0.0,53,7,1.0,0.0,1.0,1.0,10583,17525,0.008020815826243763,-4.817661982693467,15926
2065,0.0,28,8,0.0,0.0,1.0,1.0,10678,10382,0.0021526143959109713,-6.138917242870779,15146
2066,0.0,49,10,1.0,0.0,1.0,1.0,10775,0,0.04040127142819146,-3.1676539505414896,5319
2067,0.0,49,10,1.0,0.0,1.0,1.0,10775,0,0.04040127142819146,-3.1676539505414896,5319
2068,0.0,30,9,1.0,0.0,1.0,1.0,10775,8951,0.016465159074723543,-4.089906485478926,16254
2069,0.0,31,9,1.0,0.0,1.0,1.0,10775,8951,0.01493023389957949,-4.189324189348594,5910
2070,0.0,29,8,0.0,0.0,1.0,1.0,10775,8951,0.0026105854104037252,-5.945566788693448,9605
2071,0.0,44,7,1.0,0.0,1.0,1.0,10775,10741,0.007747827035786571,-4.852564860025408,1078
2072,0.0,19,10,0.0,0.0,1.0,1.0,10775,14322,0.004642349628224577,-5.367881496721026,23643
2073,0.0,54,10,0.0,0.0,1.0,1.0,10775,32225,0.002169293178318803,-6.1311822392634046,19210
2074,0.0,48,10,1.0,0.0,1.0,1.0,10785,5370,0.03172108105199805,-3.418538707911155,14895
2075,0.0,27,11,1.0,0.0,1.0,1.0,10897,3938,0.16985661781492453,-1.586643778942212,7684
2076,0.0,22,11,1.0,0.0,0.0,1.0,10971,7161,0.03953222566244965,-3.1903042518752525,7675
2077,0.0,33,10,0.0,0.0,1.0,1.0,10971,12174,0.0018300151904729616,-6.301599319644403,24825
2078,0.0,37,8,0.0,0.0,1.0,1.0,10971,13427,0.004510477680179452,-5.3968315347175,14777
2079,0.0,22,11,1.0,0.0,0.0,1.0,11069,5191,0.1156080085913121,-2.034695161237128,9605
2080,0.0,21,11,0.0,0.0,0.0,1.0,11167,5370,0.05185137543435073,-2.906129805429779,13151
2081,0.0,23,9,0.0,0.0,1.0,1.0,11167,11995,0.004418093988863512,-5.417619017527354,11891
2082,0.0,35,8,0.0,0.0,1.0,1.0,11167,18796,0.007561187226519315,-4.877137142655673,13299
2083,0.0,31,8,0.0,0.0,1.0,1.0,11167,19335,0.001907184076492866,-6.2602184252147035,20688
2084,0.0,22,9,1.0,0.0,1.0,1.0,11708,10419,0.01851184404670219,-3.97065920037976,9079
2085,0.0,27,9,0.0,0.0,1.0,1.0,11749,2327,0.0651684272251639,-2.6633912703572395,19210
2086,0.0,34,11,1.0,0.0,0.0,1.0,11755,2148,0.3468352505103361,-0.6329795089528465,15516
2087,0.0,23,11,1.0,0.0,1.0,1.0,11755,5818,0.06026355836704865,-2.7468718725164467,10048
2088,0.0,25,9,1.0,0.0,0.0,1.0,11755,7161,0.04857110386567738,-2.9749361723472427,6649
2089,0.0,28,9,1.0,0.0,1.0,1.0,11755,7161,0.01651682125629932,-4.086721202540826,11821
2090,0.0,46,10,0.0,0.0,1.0,1.0,11755,7161,0.003144690303160463,-5.758890221209213,10166
2091,0.0,46,10,0.0,0.0,1.0,1.0,11755,7161,0.003144690303160463,-5.758890221209213,10166
2092,0.0,48,8,0.0,0.0,1.0,1.0,11755,8844,0.008364013033714804,-4.775417751443692,3073
2093,0.0,48,8,0.0,0.0,1.0,1.0,11755,8844,0.008364013033714804,-4.775417751443692,3073
2094,0.0,35,11,1.0,0.0,1.0,1.0,11755,8951,0.012531215112396035,-4.366922145580491,0
2095,0.0,29,10,1.0,0.0,1.0,1.0,11755,9780,0.01021392416524882,-4.573736931154528,8866
2096,0.0,43,9,0.0,0.0,1.0,1.0,11755,10741,0.004504719596048144,-5.3981147362702435,10344
2097,0.0,42,8,1.0,0.0,1.0,1.0,11755,10741,0.008545954940266068,-4.753714533382845,11821
2098,0.0,47,11,1.0,0.0,1.0,1.0,11755,10741,0.005391699093189,-5.217488426327413,14260
2099,0.0,34,10,0.0,0.0,1.0,1.0,11755,12174,0.0018695191227173656,-6.280202765957678,11821
2100,0.0,39,10,1.0,0.0,0.0,1.0,11755,12532,0.0180975663518214,-3.9937144751500413,25248
2101,0.0,43,8,1.0,0.0,1.0,1.0,11755,12532,0.008443357537668663,-4.765896032357441,12930
2102,0.0,43,8,1.0,0.0,1.0,1.0,11755,12532,0.008443357537668663,-4.765896032357441,12930
2103,0.0,28,10,1.0,0.0,1.0,1.0,11755,15217,0.010876385778472428,-4.510225316151859,10639
2104,0.0,47,11,1.0,0.0,1.0,1.0,11755,16053,0.0054522429149020035,-5.206261050309897,0
2105,0.0,41,9,0.0,0.0,1.0,1.0,11951,12890,0.004504719596048144,-5.3981147362702435,8718
2106,0.0,44,7,1.0,0.0,1.0,1.0,11967,14566,0.00801752806740678,-4.818075284359015,14147
2107,0.0,51,8,0.0,0.0,1.0,1.0,11986,1546,0.02890740807030824,-3.514323924153217,0
2108,0.0,26,10,0.0,0.0,0.0,1.0,12000,14322,0.016639974548212248,-4.079167398987251,17732
2109,0.0,30,9,0.0,0.0,1.0,1.0,12178,11493,0.004484037589892555,-5.402737269650484,12847
2110,0.0,53,8,0.0,0.0,1.0,1.0,12235,0,0.007946610361929242,-4.827031457860044,7240
2111,0.0,34,10,1.0,0.0,1.0,1.0,12343,11637,0.008247532038054756,-4.789559539192572,9900
2112,0.0,45,11,0.0,0.0,1.0,1.0,12382,21483,0.0017970149149153583,-6.319829739834736,0
2113,0.0,45,11,0.0,0.0,1.0,1.0,12382,21483,0.0017970149149153583,-6.319829739834736,0
2114,0.0,22,11,1.0,0.0,1.0,1.0,12539,21483,0.009143196341656189,-4.685559993591523,13299
2115,0.0,25,10,1.0,0.0,1.0,1.0,12696,8951,0.0138617140219734,-4.264665941314518,14777
2116,0.0,37,11,0.0,0.0,1.0,1.0,12735,0,0.013582846910711778,-4.285271601163406,0
2117,0.0,33,9,0.0,0.0,1.0,1.0,12735,6266,0.0076188693516712,-4.869479258136375,8866
2118,0.0,33,9,0.0,0.0,1.0,1.0,12735,6266,0.0076188693516712,-4.869479258136375,8866
2119,0.0,20,11,0.0,0.0,1.0,1.0,12735,7161,0.0033548094281070427,-5.6939998631055495,14038
2120,0.0,44,8,0.0,0.0,1.0,1.0,12735,10312,0.0024195685892703604,-6.021743523126305,12412
2121,0.0,28,9,0.0,0.0,1.0,1.0,12735,12532,0.003898035072278774,-5.543377028219126,17732
2122,0.0,25,11,0.0,0.0,1.0,1.0,12735,21483,0.0015415499880488384,-6.473424143579027,8204
2123,0.0,35,7,0.0,0.0,1.0,1.0,13127,12711,0.01592910996990775,-4.123549686127494,13447
2124,0.0,35,7,0.0,0.0,1.0,1.0,13127,12711,0.01592910996990775,-4.123549686127494,13447
2125,0.0,31,11,1.0,0.0,1.0,1.0,13127,14859,0.0062833546829623756,-5.063548077905317,16254
2126,0.0,21,9,1.0,0.0,0.0,1.0,13127,16327,0.06941433193395888,-2.5957207803374582,8866
2127,0.0,36,11,1.0,0.0,1.0,1.0,13140,12532,0.010732957868568952,-4.523645125361153,12811
2128,0.0,40,10,1.0,0.0,1.0,1.0,13244,19693,0.013302486458163116,-4.306412552390134,17732
2129,0.0,30,8,0.0,0.0,1.0,1.0,13303,17903,0.0019584661277749172,-6.233633313561193,14333
2130,0.0,44,9,1.0,0.0,1.0,1.0,13366,14644,0.023240256530387245,-3.7383547390475402,12435
2131,0.0,41,9,0.0,0.0,1.0,1.0,13518,13964,0.011549827114943225,-4.4494677660945525,17732
2132,0.0,40,10,0.0,0.0,0.0,1.0,13616,10741,0.01549156707224566,-4.151846647722722,15368
2133,0.0,20,11,0.0,0.0,0.0,1.0,13714,6194,0.021198629323988968,-3.8323922068723077,14777
2134,0.0,19,11,0.0,0.0,1.0,1.0,13714,6416,0.008453506097305356,-4.764684561278814,27781
2135,0.0,39,7,0.0,0.0,1.0,1.0,13714,6624,0.0024253013120301157,-6.019371262808624,0
2136,0.0,46,8,1.0,0.0,1.0,1.0,13714,7089,0.02119449160907129,-3.8325916410952323,0
2137,0.0,22,11,0.0,0.0,1.0,1.0,13714,8593,0.0016443615847503978,-6.408757349438405,8866
2138,0.0,37,11,0.0,0.0,1.0,1.0,13714,9259,0.0007599073797255757,-7.181553804636945,0
2139,0.0,52,10,0.0,0.0,1.0,1.0,13714,12174,0.0011060860264747942,-6.8058208990929785,23643
2140,0.0,50,7,1.0,0.0,1.0,1.0,13714,12532,0.005312045861427844,-5.2324520283515845,16254
2141,0.0,50,7,1.0,0.0,1.0,1.0,13714,12532,0.005312045861427844,-5.2324520283515845,16254
2142,0.0,26,11,1.0,0.0,1.0,1.0,13714,13248,0.00911724601315247,-4.6884284302788775,11082
2143,0.0,31,11,0.0,0.0,1.0,1.0,13714,13785,0.004869224282969461,-5.31993952180736,20688
2144,0.0,21,10,0.0,0.0,1.0,1.0,13714,14080,0.0017327568592195276,-6.356307318780955,7249
2145,0.0,52,8,0.0,0.0,1.0,1.0,13714,14322,0.0001703265936471118,-8.67762248374011,8748
2146,0.0,30,10,1.0,0.0,0.0,1.0,13714,14322,0.026137844017390315,-3.617885543494922,2364
2147,0.0,20,11,0.0,0.0,0.0,1.0,13714,14322,0.013581029247915445,-4.285407273266394,36943
2148,0.0,46,10,1.0,0.0,1.0,1.0,13714,16112,0.0037028731797662975,-5.594936479821855,15522
2149,0.0,32,7,0.0,0.0,1.0,1.0,13714,17008,0.000704610581635648,-7.2571604153004845,19613
2150,0.0,50,7,1.0,0.0,1.0,1.0,13714,17903,0.0027043207378332802,-5.910196527754036,16254
2151,0.0,33,10,1.0,0.0,0.0,1.0,13754,13964,0.021503662253317877,-3.817793786115812,16905
2152,0.0,44,9,0.0,0.0,1.0,1.0,14051,13905,0.0009551662630893059,-6.952669512435965,16373
2153,0.0,28,11,0.0,0.0,1.0,1.0,14106,10741,0.001045933047537911,-6.861799443060747,20392
2154,0.0,53,8,0.0,0.0,1.0,1.0,14106,14322,0.0001703265936471118,-8.67762248374011,14843
2155,0.0,53,7,0.0,0.0,1.0,1.0,14106,14322,0.0001649211882417064,-8.709877910404094,13299
2156,0.0,23,11,0.0,1.0,1.0,1.0,14263,8414,0.012843231549318903,-4.342011915212166,26599
2157,0.0,25,9,0.0,0.0,1.0,1.0,14263,12890,0.0030675744666817757,-5.783795816539587,16254
2158,0.0,54,8,0.0,1.0,1.0,1.0,14302,0,0.015952678108550996,-4.122047265620639,8866
2159,0.0,54,8,0.0,1.0,1.0,1.0,14302,0,0.015952678108550996,-4.122047265620639,8866
2160,0.0,40,10,0.0,0.0,1.0,1.0,14302,24169,0.00019829336769603496,-8.525564655776625,21427
2161,0.0,40,10,0.0,0.0,1.0,1.0,14302,24169,0.00019829336769603496,-8.525564655776625,21427
2162,0.0,21,11,0.0,0.0,1.0,1.0,14400,11458,0.0015488167219228784,-6.468714027425738,0
2163,0.0,51,8,0.0,0.0,1.0,1.0,14465,21752,8.58261267937038e-05,-9.363101259928342,0
2164,0.0,24,10,1.0,0.0,1.0,1.0,14482,10741,0.01694428602130294,-4.060735126932099,11821
2165,0.0,46,8,0.0,0.0,1.0,1.0,14498,10741,0.001891575545561163,-6.268451808356538,14186
2166,0.0,41,10,1.0,0.0,0.0,1.0,14678,15253,0.013488866528332845,-4.292309967643407,11821
2167,0.0,25,11,1.0,0.0,1.0,1.0,14694,6624,0.01143156925223488,-4.45987910627924,7107
2168,0.0,39,8,0.0,0.0,1.0,1.0,14694,12532,0.0015582422122278295,-6.462637422521623,16254
2169,0.0,19,8,0.0,0.0,1.0,1.0,14694,12532,0.010355175817540108,-4.559859641602638,18539
2170,0.0,23,11,1.0,0.0,1.0,1.0,14694,13427,0.00860477423854366,-4.746796076680985,17732
2171,0.0,49,10,0.0,0.0,1.0,1.0,14694,14322,0.00017855480560453172,-8.630436398922464,8423
2172,0.0,38,11,0.0,0.0,1.0,1.0,14694,14322,0.00012140307396918457,-9.016272948217303,28076
2173,0.0,42,11,1.0,0.0,0.0,1.0,14694,15217,0.015583542285532824,-4.145833661226597,11821
2174,0.0,24,11,0.0,0.0,1.0,1.0,14694,15575,0.001218443626230433,-6.708961764327984,14777
2175,0.0,36,7,1.0,0.0,1.0,1.0,14694,15754,0.002977343567478952,-5.8137420116531,19210
2176,0.0,20,11,0.0,0.0,1.0,1.0,14694,17008,0.0034904063803107444,-5.654240596136448,0
2177,0.0,31,10,0.0,0.0,1.0,1.0,14890,12532,0.0010400999480021259,-6.867397825371028,16254
2178,0.0,29,9,0.0,0.0,1.0,1.0,14890,19693,0.0017091772602351087,-6.370032519045123,25860
2179,0.0,53,9,1.0,0.0,1.0,1.0,14945,13697,0.013514981656910056,-4.290349316182171,14186
2180,0.0,28,9,0.0,0.0,0.0,1.0,15086,13248,0.017630748530686247,-4.0203228042130315,19210
2181,0.0,53,8,1.0,0.0,1.0,1.0,15086,15649,0.0031022112239832995,-5.7725330906520265,12921
2182,0.0,50,7,0.0,0.0,1.0,1.0,15160,15933,8.04207213882984e-05,-9.428158262320204,17732
2183,0.0,50,7,0.0,0.0,1.0,1.0,15160,15933,8.04207213882984e-05,-9.428158262320204,17732
2184,0.0,31,8,1.0,0.0,1.0,1.0,15176,10851,0.00831005000539899,-4.781944881676024,19604
2185,0.0,34,11,0.0,0.0,1.0,1.0,15184,0,0.012504600557470269,-4.369075216777972,19210
2186,0.0,46,8,0.0,0.0,0.0,1.0,15282,13158,0.007450059522819267,-4.892055307156863,10048
2187,0.0,20,9,0.0,0.0,1.0,1.0,15282,15933,0.0042322585057666465,-5.460778262836712,20614
2188,0.0,30,9,0.0,0.0,1.0,1.0,15478,7877,0.01674677164987365,-4.0726611922788285,8866
2189,0.0,27,9,0.0,0.0,1.0,1.0,15478,16470,0.001539880539028511,-6.474509370251265,15516
2190,0.0,19,11,1.0,0.0,0.0,1.0,15587,10741,0.042559767875200945,-3.113353907390767,0
2191,0.0,49,8,0.0,1.0,0.0,1.0,15674,1074,0.3025244091774205,-0.8353055521356104,0
2192,0.0,31,11,1.0,0.0,0.0,1.0,15674,4316,0.16054819426752578,-1.6541548932636205,7093
2193,0.0,25,11,1.0,0.0,0.0,1.0,15674,6982,0.0327624147211255,-3.385162192724068,13890
2194,0.0,23,11,1.0,0.0,1.0,1.0,15674,8414,0.00860477423854366,-4.746796076680985,8866
2195,0.0,18,10,0.0,1.0,1.0,1.0,15674,10741,0.0188367045811687,-3.9529315660611504,20688
2196,0.0,34,10,1.0,0.0,0.0,1.0,15674,12532,0.01789233170358778,-4.005328719582819,25121
2197,0.0,46,7,0.0,0.0,1.0,1.0,15674,14680,0.0004137540547216317,-7.789824991715036,9605
2198,0.0,54,7,0.0,0.0,1.0,1.0,15674,16112,8.04207213882984e-05,-9.428158262320204,18841
2199,0.0,37,9,1.0,0.0,1.0,1.0,15674,16112,0.006454474454269612,-5.03650628020012,19210
2200,0.0,24,9,0.0,0.0,1.0,1.0,15674,16112,0.0019426334727823675,-6.241766243393476,36943
2201,0.0,21,10,0.0,0.0,1.0,1.0,15674,16112,0.001716744398160338,-6.365607353825446,20141
2202,0.0,35,10,1.0,0.0,1.0,1.0,15674,16470,0.008482716727105955,-4.761205611988868,23643
2203,0.0,43,10,0.0,0.0,1.0,1.0,15674,17903,0.00017855480560453172,-8.630436398922464,19709
2204,0.0,46,8,0.0,0.0,1.0,1.0,15674,17903,0.00041915946012703706,-7.776839890014146,17732
2205,0.0,35,11,1.0,0.0,1.0,1.0,15674,17903,0.006578102462737831,-5.0174091212267795,0
2206,0.0,50,8,0.0,0.0,1.0,1.0,15674,18109,8.58261267937038e-05,-9.363101259928342,17437
2207,0.0,47,10,0.0,0.0,1.0,1.0,15674,19693,0.00017855480560453172,-8.630436398922464,22165
2208,0.0,47,10,0.0,0.0,1.0,1.0,15674,19693,0.00017855480560453172,-8.630436398922464,22165
2209,0.0,21,9,0.0,0.0,1.0,1.0,15674,19693,0.0022398853314515486,-6.099088208114978,1773
2210,0.0,18,10,0.0,0.0,1.0,1.0,15674,21483,0.006523732879037644,-5.025763433987514,24973
2211,0.0,37,8,0.0,0.0,1.0,1.0,15674,26317,8.58261267937038e-05,-9.363101259928342,36943
2212,0.0,41,7,1.0,0.0,1.0,1.0,15674,32225,0.0025281372182726024,-5.977741186437032,11082
2213,0.0,31,11,0.0,0.0,1.0,1.0,15870,15602,0.00026953318306336993,-8.218549477431242,17732
2214,0.0,35,10,0.0,0.0,1.0,1.0,15921,16148,0.0015519376985840502,-6.466697857490465,16606
2215,0.0,51,8,1.0,0.0,1.0,1.0,15987,5800,0.043920935484144656,-3.080449516395617,0
2216,0.0,30,7,1.0,0.0,1.0,1.0,15995,15387,0.0076177122744107125,-4.869632305573495,13151
2217,0.0,30,11,0.0,0.0,1.0,1.0,16065,17989,0.00026953318306336993,-8.218549477431242,23052
2218,0.0,30,11,0.0,0.0,1.0,1.0,16065,17989,0.00026953318306336993,-8.218549477431242,23052
2219,0.0,24,10,0.0,0.0,1.0,1.0,16144,20767,0.00166480844363059,-6.396379015261691,22904
2220,0.0,48,8,1.0,0.0,1.0,1.0,16261,11637,0.0057564479754848375,-5.151661585235699,5172
2221,0.0,48,8,1.0,0.0,1.0,1.0,16261,11637,0.0057564479754848375,-5.151661585235699,5172
2222,0.0,47,8,1.0,0.0,1.0,1.0,16301,17129,0.005102211223983299,-5.272965987939227,17732
2223,0.0,47,8,1.0,0.0,1.0,1.0,16301,17129,0.005102211223983299,-5.272965987939227,17732
2224,0.0,31,11,1.0,0.0,1.0,1.0,16453,19693,0.0037430879275230115,-5.584094248334603,14777
2225,0.0,46,8,0.0,0.0,1.0,1.0,16457,16112,0.00041915946012703706,-7.776839890014146,16254
2226,0.0,22,11,0.0,0.0,0.0,1.0,16653,3759,0.06453240354168494,-2.673879029300614,0
2227,0.0,21,11,0.0,0.0,1.0,1.0,16653,13427,0.0015421500552562114,-6.473034356084208,10344
2228,0.0,33,10,0.0,0.0,1.0,1.0,16653,16112,0.0003933515813653837,-7.840413307982595,12560
2229,0.0,28,9,0.0,0.0,1.0,1.0,16653,17158,0.0013091772602351085,-6.637046349712925,17957
2230,0.0,20,10,0.0,0.0,1.0,1.0,16849,11995,0.0026438357898539906,-5.932877128737246,17880
2231,0.0,47,11,0.0,0.0,1.0,1.0,16928,15409,0.00012140307396918457,-9.016272948217303,17732
2232,0.0,23,11,0.0,0.0,1.0,1.0,17045,11986,0.0013259290565652586,-6.624315081607592,5910
2233,0.0,35,10,1.0,0.0,0.0,1.0,17045,14322,0.017643734180765883,-4.0195733222819054,16846
2234,0.0,25,7,1.0,0.0,0.0,1.0,17045,16137,0.02588516925775355,-3.627859003564754,11821
2235,0.0,23,11,1.0,0.0,1.0,1.0,17116,10741,0.00837102312940435,-4.774572907358623,8866
2236,0.0,31,8,0.0,0.0,1.0,1.0,17241,15754,0.0006255155201876452,-7.376308704678219,16210
2237,0.0,55,8,1.0,0.0,1.0,1.0,17241,17903,0.0029309601148439913,-5.829489961593057,16254
2238,0.0,33,11,1.0,0.0,1.0,1.0,17370,15844,0.0040525532999144956,-5.504347364939986,14753
2239,0.0,31,9,1.0,0.0,0.0,1.0,17437,13427,0.025468966763821196,-3.644495642354628,11326
2240,0.0,34,7,0.0,0.0,0.0,1.0,17619,20481,0.00970049911189332,-4.625830084506484,19432
2241,0.0,22,11,0.0,0.0,1.0,1.0,17633,0,0.07120892756114892,-2.568265620754465,13299
2242,0.0,21,9,0.0,0.0,1.0,1.0,17633,3202,0.09157251859303825,-2.294583851006764,3250
2243,0.0,42,8,1.0,0.0,0.0,1.0,17633,10562,0.01820990010873797,-3.9874121297346825,0
2244,0.0,46,10,0.0,1.0,1.0,1.0,17633,10741,0.0026132577085231793,-5.944540993544876,5910
2245,0.0,23,9,1.0,0.0,1.0,1.0,17633,12532,0.016103002646685977,-4.1125154596910605,14777
2246,0.0,33,8,0.0,0.0,1.0,1.0,17633,12890,0.0021544623310547706,-6.138057298382892,22165
2247,0.0,43,11,1.0,0.0,1.0,1.0,17633,14322,0.0022015570669493474,-6.1163864271995205,17732
2248,0.0,43,11,1.0,0.0,1.0,1.0,17633,14322,0.0022015570669493474,-6.1163864271995205,17732
2249,0.0,29,8,0.0,0.0,1.0,1.0,17633,16112,0.0009765951423198992,-6.9304613081004485,11821
2250,0.0,35,9,0.0,0.0,1.0,1.0,17633,16112,0.0044643406960819115,-5.407159400385258,17732
2251,0.0,50,9,1.0,0.0,1.0,1.0,17633,16112,0.005194754809765523,-5.25489755843602,16254
2252,0.0,18,9,0.0,0.0,1.0,1.0,17633,16112,0.014501765192806958,-4.218876955974385,17584
2253,0.0,44,11,0.0,0.0,1.0,1.0,17633,16470,0.00012140307396918457,-9.016272948217303,14555
2254,0.0,26,8,0.0,0.0,1.0,1.0,17633,18440,0.0005847918636313743,-7.443669599783453,886
2255,0.0,47,10,0.0,0.0,1.0,1.0,17633,19693,0.00017855480560453172,-8.630436398922464,30884
2256,0.0,25,11,1.0,0.0,1.0,1.0,17633,21483,0.008220957604266872,-4.792813643802007,26599
2257,0.0,44,8,1.0,0.0,1.0,1.0,17633,21483,0.003048015024841894,-5.79021204207646,19210
2258,0.0,36,10,1.0,0.0,0.0,1.0,17633,21483,0.015261257717196268,-4.167058928056198,17732
2259,0.0,46,11,0.0,0.0,1.0,1.0,17684,16112,0.00012140307396918457,-9.016272948217303,19210
2260,0.0,38,9,0.0,0.0,1.0,1.0,17829,7877,0.015297549934941663,-4.164646833779878,20688
2261,0.0,54,11,0.0,0.0,1.0,1.0,17829,15754,0.00012140307396918457,-9.016272948217303,18102
2262,0.0,32,8,0.0,0.0,1.0,1.0,17829,21483,0.0006255155201876452,-7.376308704678219,20688
2263,0.0,23,10,0.0,0.0,1.0,1.0,17829,21483,0.001367838746660893,-6.593154566885474,23643
2264,0.0,46,11,1.0,0.0,1.0,1.0,17868,17903,0.002840826473342041,-5.86081538812528,13326
2265,0.0,44,11,1.0,0.0,1.0,1.0,17929,18588,0.0022015570669493474,-6.1163864271995205,19210
2266,0.0,41,10,1.0,0.0,1.0,1.0,18025,17366,0.0027719704935899063,-5.885421022640853,21427
2267,0.0,44,8,0.0,0.0,1.0,1.0,18025,18798,8.58261267937038e-05,-9.363101259928342,28076
2268,0.0,36,11,1.0,0.0,1.0,1.0,18025,21483,0.0024051374824604556,-6.027740177322409,26599
2269,0.0,23,8,0.0,0.0,1.0,1.0,18221,25073,0.003745120554960989,-5.583549320542386,12117
2270,0.0,20,9,0.0,0.0,1.0,1.0,18285,20767,0.0042322585057666465,-5.460778262836712,23643
2271,0.0,36,10,1.0,0.0,1.0,1.0,18417,16112,0.0033377394241129368,-5.699118198164701,22165
2272,0.0,40,10,0.0,0.0,1.0,1.0,18417,17903,0.00017855480560453172,-8.630436398922464,20688
2273,0.0,40,10,0.0,0.0,1.0,1.0,18417,17903,0.00017855480560453172,-8.630436398922464,20688
2274,0.0,27,8,1.0,0.0,1.0,1.0,18417,22916,0.009091537145519323,-4.691278164791567,31032
2275,0.0,24,11,1.0,0.0,0.0,1.0,18613,20230,0.026323061953564014,-3.6106341275263065,31032
2276,0.0,34,11,1.0,0.0,1.0,1.0,18808,17903,0.003929400590554889,-5.5353312452524515,14777
2277,0.0,47,10,0.0,0.0,1.0,1.0,19004,17903,0.00017855480560453172,-8.630436398922464,21722
2278,0.0,47,10,0.0,0.0,1.0,1.0,19004,17903,0.00017855480560453172,-8.630436398922464,21722
2279,0.0,35,9,0.0,0.0,1.0,1.0,19200,17706,0.0044643406960819115,-5.407159400385258,8866
2280,0.0,33,9,1.0,0.0,1.0,1.0,19396,16112,0.010324421643355237,-4.562865068687272,19210
2281,0.0,51,11,0.0,0.0,1.0,1.0,19592,6982,0.0013367571320958536,-6.616170997360802,26599
2282,0.0,33,10,0.0,0.0,1.0,1.0,19592,10741,0.0011287446366468144,-6.785519822682155,26599
2283,0.0,20,7,1.0,0.0,1.0,1.0,19592,11637,0.015732916137063485,-4.136142200052911,14777
2284,0.0,36,8,0.0,1.0,1.0,1.0,19592,11995,0.004353995354698777,-5.432297881478699,16993
2285,0.0,36,8,0.0,1.0,1.0,1.0,19592,11995,0.004353995354698777,-5.432297881478699,16993
2286,0.0,28,11,1.0,0.0,1.0,1.0,19592,12890,0.007086631114111449,-4.942433351022926,7130
2287,0.0,22,10,0.0,0.0,1.0,1.0,19592,15217,0.001485485805484422,-6.510526828252914,0
2288,0.0,50,10,0.0,0.0,1.0,1.0,19592,15933,0.00017855480560453172,-8.630436398922464,29554
2289,0.0,52,9,0.0,0.0,1.0,1.0,19592,16112,0.0006119600951573157,-7.398231334149972,24045
2290,0.0,52,8,0.0,0.0,1.0,1.0,19592,17903,8.58261267937038e-05,-9.363101259928342,17289
2291,0.0,38,8,0.0,0.0,1.0,1.0,19592,17903,8.58261267937038e-05,-9.363101259928342,30207
2292,0.0,53,7,0.0,0.0,1.0,1.0,19592,19693,8.04207213882984e-05,-9.428158262320204,22165
2293,0.0,38,8,0.0,0.0,1.0,1.0,19592,19693,8.58261267937038e-05,-9.363101259928342,23643
2294,0.0,38,8,0.0,0.0,1.0,1.0,19592,19693,8.58261267937038e-05,-9.363101259928342,23643
2295,0.0,22,11,0.0,0.0,1.0,1.0,19592,20588,0.0009214739292607361,-6.9886141741396655,27929
2296,0.0,41,9,0.0,0.0,1.0,1.0,19592,21483,0.0006119600951573157,-7.398231334149972,20303
2297,0.0,30,11,1.0,0.0,1.0,1.0,19592,24547,0.005173127001069235,-5.259091383555716,22165
2298,0.0,24,10,0.0,0.0,1.0,1.0,19592,25064,0.00166480844363059,-6.396379015261691,29554
2299,0.0,27,7,0.0,0.0,1.0,1.0,19984,20409,0.0005793864582259689,-7.452961290598994,31032
2300,0.0,23,10,0.0,0.0,1.0,1.0,19984,21483,0.001367838746660893,-6.593154566885474,17732
2301,0.0,53,10,0.0,0.0,1.0,1.0,19984,21483,0.00017855480560453172,-8.630436398922464,4433
2302,0.0,48,8,0.0,0.0,1.0,1.0,19984,21483,8.58261267937038e-05,-9.363101259928342,19210
2303,0.0,53,10,1.0,0.0,1.0,1.0,20062,15502,0.002334191523668786,-6.057752770361819,13299
2304,0.0,50,7,0.0,0.0,1.0,1.0,20180,14322,8.04207213882984e-05,-9.428158262320204,0
2305,0.0,40,11,1.0,0.0,1.0,1.0,20278,16112,0.0023684349730264103,-6.043154646743906,19210
2306,0.0,50,7,1.0,0.0,1.0,1.0,20384,17008,0.002128416068263247,-6.150246521449141,17732
2307,0.0,38,9,1.0,0.0,1.0,1.0,20388,22407,0.005689676636829499,-5.163395938035139,16254
2308,0.0,36,10,0.0,0.0,1.0,1.0,20572,17366,0.00017855480560453172,-8.630436398922464,14481
2309,0.0,40,11,0.0,0.0,1.0,1.0,20572,21483,0.00012140307396918457,-9.016272948217303,27485
2310,0.0,38,11,0.0,0.0,1.0,1.0,20572,21483,0.00012140307396918457,-9.016272948217303,19210
2311,0.0,41,8,0.0,0.0,1.0,1.0,20572,22379,8.58261267937038e-05,-9.363101259928342,19633
2312,0.0,43,11,0.0,0.0,1.0,1.0,20629,31330,0.00012140307396918457,-9.016272948217303,26599
2313,0.0,46,10,0.0,0.0,1.0,1.0,20944,21338,0.00017855480560453172,-8.630436398922464,21131
2314,0.0,53,8,0.0,0.0,1.0,1.0,20964,22033,8.58261267937038e-05,-9.363101259928342,23195
2315,0.0,25,10,0.0,0.0,1.0,1.0,20964,23632,0.0012625095930558772,-6.673390491153815,23495
2316,0.0,44,10,1.0,0.0,1.0,1.0,20993,19190,0.0026050925875128433,-5.947678570431093,25068
2317,0.0,44,10,1.0,0.0,1.0,1.0,20993,19190,0.0026050925875128433,-5.947678570431093,25068
2318,0.0,37,8,0.0,0.0,1.0,1.0,21481,14322,8.58261267937038e-05,-9.363101259928342,23643
2319,0.0,34,10,1.0,0.0,1.0,1.0,21551,10083,0.006955656541130201,-4.961220099742071,18471
2320,0.0,46,11,0.0,0.0,1.0,1.0,21551,16112,0.00012140307396918457,-9.016272948217303,13299
2321,0.0,42,10,0.0,0.0,1.0,1.0,21551,18798,0.00017855480560453172,-8.630436398922464,22165
2322,0.0,55,10,0.0,0.0,1.0,1.0,21551,19693,0.00017855480560453172,-8.630436398922464,14777
2323,0.0,39,9,0.0,0.0,1.0,1.0,21551,19693,0.0006119600951573157,-7.398231334149972,20688
2324,0.0,41,10,1.0,0.0,1.0,1.0,21551,20767,0.0027719704935899063,-5.885421022640853,25121
2325,0.0,33,8,1.0,0.0,1.0,1.0,21551,22379,0.006884132182574555,-4.971628262262904,27485
2326,0.0,22,10,1.0,0.0,1.0,1.0,21551,25064,0.012331577200226576,-4.383183812299423,31032
2327,0.0,25,8,0.0,0.0,1.0,1.0,21551,25959,0.0006761550377196092,-7.298411778744325,25121
2328,0.0,54,9,1.0,0.0,0.0,1.0,21551,30435,0.015713209057373705,-4.137415608938601,33987
2329,0.0,49,8,0.0,0.0,0.0,1.0,21551,36316,0.004581396264862409,-5.3811595429686045,44331
2330,0.0,35,10,0.0,0.0,1.0,1.0,21583,23847,0.0015519376985840502,-6.466697857490465,22756
2331,0.0,43,9,0.0,0.0,1.0,1.0,21630,11565,0.0029445493407646013,-5.824850605740281,11821
2332,0.0,39,7,0.0,0.0,1.0,1.0,21712,24065,8.04207213882984e-05,-9.428158262320204,23643
2333,0.0,47,10,0.0,1.0,1.0,1.0,21943,18977,0.002046439956871115,-6.189605065108802,19210
2334,0.0,51,10,0.0,0.0,1.0,1.0,21943,23274,0.00017855480560453172,-8.630436398922464,25860
2335,0.0,51,10,0.0,0.0,1.0,1.0,21943,23274,0.00017855480560453172,-8.630436398922464,25860
2336,0.0,48,11,0.0,0.0,1.0,1.0,22178,19693,0.00012140307396918457,-9.016272948217303,16254
2337,0.0,48,11,0.0,0.0,1.0,1.0,22178,19693,0.00012140307396918457,-9.016272948217303,16254
2338,0.0,31,9,0.0,0.0,1.0,1.0,22531,21483,0.0012965591765643934,-6.646743910270515,0
2339,0.0,28,9,0.0,0.0,1.0,1.0,22727,20767,0.0013091772602351085,-6.637046349712925,22904
2340,0.0,49,10,0.0,0.0,1.0,1.0,22727,23095,0.00017855480560453172,-8.630436398922464,24086
2341,0.0,48,10,0.0,0.0,1.0,1.0,22727,26854,0.00017855480560453172,-8.630436398922464,27042
2342,0.0,49,9,0.0,0.0,1.0,1.0,22727,30435,0.0006119600951573157,-7.398231334149972,29554
2343,0.0,32,10,0.0,0.0,1.0,1.0,23025,21483,0.00032668491469871704,-8.026187676917509,33987
2344,0.0,30,11,0.0,0.0,1.0,1.0,23119,20051,0.00026953318306336993,-8.218549477431242,22018
2345,0.0,47,10,0.0,0.0,1.0,1.0,23236,17903,0.00017855480560453172,-8.630436398922464,35364
2346,0.0,31,10,0.0,0.0,1.0,1.0,23315,2467,0.03222351039544672,-3.402304838811474,15220
2347,0.0,48,10,0.0,0.0,1.0,1.0,23511,2864,0.03362452035448983,-3.3582968807055074,0
2348,0.0,28,11,0.0,0.0,1.0,1.0,23511,5370,0.01205152447812295,-4.406439381464589,21796
2349,0.0,33,10,1.0,0.0,1.0,1.0,23511,12532,0.007078809250489805,-4.943545587489616,18471
2350,0.0,52,8,1.0,0.0,0.0,1.0,23511,15217,0.01717751322528761,-4.0468273628593945,7093
2351,0.0,42,8,0.0,0.0,1.0,1.0,23511,18798,8.58261267937038e-05,-9.363101259928342,26569
2352,0.0,30,9,0.0,0.0,1.0,1.0,23511,19441,0.0013478412278464446,-6.607902306542888,26599
2353,0.0,36,7,1.0,0.0,1.0,1.0,23511,21483,0.002806092458339644,-5.873152310700239,13299
2354,0.0,54,8,0.0,0.0,1.0,1.0,23511,21483,8.58261267937038e-05,-9.363101259928342,19210
2355,0.0,42,9,0.0,0.0,1.0,1.0,23511,21841,0.0006119600951573157,-7.398231334149972,26303
2356,0.0,51,8,1.0,0.0,1.0,1.0,23511,23274,0.0029309601148439913,-5.829489961593057,23643
2357,0.0,24,10,0.0,0.0,1.0,1.0,23511,25062,0.00166480844363059,-6.396379015261691,29678
2358,0.0,23,10,0.0,0.0,1.0,1.0,23511,25064,0.001367838746660893,-6.593154566885474,25121
2359,0.0,50,8,0.0,0.0,1.0,1.0,23511,25243,8.58261267937038e-05,-9.363101259928342,26155
2360,0.0,51,11,0.0,0.0,1.0,1.0,23511,25780,0.00012140307396918457,-9.016272948217303,27190
2361,0.0,51,8,0.0,0.0,1.0,1.0,23511,26407,8.58261267937038e-05,-9.363101259928342,22165
2362,0.0,51,8,0.0,0.0,1.0,1.0,23511,27019,8.58261267937038e-05,-9.363101259928342,27337
2363,0.0,30,10,0.0,0.0,1.0,1.0,23511,28645,0.00037796696598076834,-7.880325719335324,28047
2364,0.0,52,11,0.0,0.0,1.0,1.0,23568,0,0.008407879693156251,-4.770142528829952,0
2365,0.0,50,8,1.0,0.0,1.0,1.0,23707,28913,0.0029309601148439913,-5.829489961593057,31032
2366,0.0,29,10,0.0,0.0,1.0,1.0,23711,26854,0.0011202351526730194,-6.793095794884339,13299
2367,0.0,48,9,0.0,0.0,1.0,1.0,23859,25064,0.0006119600951573157,-7.398231334149972,26968
2368,0.0,30,9,0.0,0.0,1.0,1.0,23903,23900,0.0013478412278464446,-6.607902306542888,23791
2369,0.0,37,8,0.0,0.0,1.0,1.0,24098,22823,8.58261267937038e-05,-9.363101259928342,23145
2370,0.0,28,11,0.0,0.0,1.0,1.0,24098,24169,0.0004738703352728625,-7.654102845321352,35465
2371,0.0,44,11,1.0,0.0,1.0,1.0,24294,35806,0.0022015570669493474,-6.1163864271995205,29554
2372,0.0,44,11,1.0,0.0,1.0,1.0,24294,35806,0.0022015570669493474,-6.1163864271995205,29554
2373,0.0,52,9,0.0,0.0,1.0,1.0,24627,25064,0.0006119600951573157,-7.398231334149972,19210
2374,0.0,35,9,1.0,0.0,1.0,1.0,24686,16829,0.017201878260360102,-4.045385150472251,20392
2375,0.0,32,10,0.0,0.0,1.0,1.0,24686,27033,0.00032668491469871704,-8.026187676917509,22904
2376,0.0,47,7,0.0,0.0,1.0,1.0,24784,23811,8.04207213882984e-05,-9.428158262320204,25860
2377,0.0,30,11,0.0,0.0,1.0,1.0,24882,26854,0.00026953318306336993,-8.218549477431242,33248
2378,0.0,48,8,0.0,0.0,1.0,1.0,25470,0,0.006010874517385283,-5.10815601809664,13299
2379,0.0,32,9,0.0,0.0,1.0,1.0,25470,1432,0.044118387089257104,-3.075757433159065,24803
2380,0.0,48,8,0.0,1.0,1.0,1.0,25470,16112,0.0033389990557129365,-5.698739614873054,23643
2381,0.0,52,7,1.0,0.0,0.0,1.0,25470,17903,0.011527847365312725,-4.451394852612755,25121
2382,0.0,49,11,0.0,0.0,1.0,1.0,25470,19693,0.00012140307396918457,-9.016272948217303,481
2383,0.0,38,9,0.0,0.0,1.0,1.0,25470,21483,0.0006119600951573157,-7.398231334149972,47287
2384,0.0,46,8,1.0,0.0,1.0,1.0,25470,21483,0.004174463918414076,-5.474586130381366,11390
2385,0.0,40,8,0.0,0.0,1.0,1.0,25470,21483,8.58261267937038e-05,-9.363101259928342,16254
2386,0.0,40,10,1.0,0.0,0.0,1.0,25470,23274,0.012312839906936353,-4.384723395253172,20688
2387,0.0,26,8,1.0,0.0,1.0,1.0,25470,23274,0.009091537145519323,-4.691278164791567,23643
2388,0.0,49,11,0.0,0.0,1.0,1.0,25470,25064,0.00012140307396918457,-9.016272948217303,25121
2389,0.0,51,11,0.0,0.0,1.0,1.0,25470,25064,0.00012140307396918457,-9.016272948217303,26599
2390,0.0,44,8,0.0,0.0,1.0,1.0,25470,26854,8.58261267937038e-05,-9.363101259928342,25860
2391,0.0,47,8,0.0,0.0,1.0,1.0,25707,25064,8.58261267937038e-05,-9.363101259928342,19062
2392,0.0,49,8,0.0,0.0,1.0,1.0,25862,22916,8.58261267937038e-05,-9.363101259928342,16254
2393,0.0,40,8,0.0,0.0,1.0,1.0,25862,26138,8.58261267937038e-05,-9.363101259928342,26155
2394,0.0,48,10,0.0,0.0,0.0,1.0,26058,26854,0.003134649739031907,-5.7620982640809215,33043
2395,0.0,35,9,1.0,0.0,1.0,1.0,26134,24169,0.017201878260360102,-4.045385150472251,26599
2396,0.0,42,11,0.0,0.0,1.0,1.0,26450,22379,0.00012140307396918457,-9.016272948217303,23327
2397,0.0,31,8,0.0,0.0,1.0,1.0,26450,32225,0.0006255155201876452,-7.376308704678219,26953
2398,0.0,46,11,0.0,0.0,1.0,1.0,26841,29361,0.00012140307396918457,-9.016272948217303,36943
2399,0.0,51,10,1.0,0.0,1.0,1.0,27037,21483,0.002334191523668786,-6.057752770361819,26894
2400,0.0,50,8,0.0,0.0,0.0,1.0,27084,21125,0.004581396264862409,-5.3811595429686045,26599
2401,0.0,46,11,0.0,0.0,1.0,1.0,27429,9846,0.0007401688176340726,-7.207891822968441,16993
2402,0.0,51,10,1.0,0.0,1.0,1.0,27429,25064,0.002334191523668786,-6.057752770361819,24382
2403,0.0,41,7,1.0,0.0,1.0,1.0,27429,26708,0.0023568861091332947,-6.04805430852447,14777
2404,0.0,39,8,1.0,0.0,1.0,1.0,27429,26854,0.0031624467469659238,-5.753241806124965,28076
2405,0.0,48,10,1.0,0.0,1.0,1.0,27429,30435,0.002334191523668786,-6.057752770361819,29554
2406,0.0,48,10,1.0,0.0,1.0,1.0,27429,30435,0.002334191523668786,-6.057752770361819,29554
2407,0.0,50,10,0.0,0.0,1.0,1.0,27429,32225,0.00017855480560453172,-8.630436398922464,33987
2408,0.0,49,8,0.0,0.0,1.0,1.0,27482,25064,8.58261267937038e-05,-9.363101259928342,27337
2409,0.0,47,7,0.0,0.0,1.0,1.0,27821,27929,8.04207213882984e-05,-9.428158262320204,28925
2410,0.0,42,9,0.0,0.0,1.0,1.0,28017,23453,0.0006119600951573157,-7.398231334149972,26377
2411,0.0,42,9,0.0,0.0,1.0,1.0,28017,23453,0.0006119600951573157,-7.398231334149972,26377
2412,0.0,45,10,0.0,0.0,1.0,1.0,28017,32225,0.00017855480560453172,-8.630436398922464,36943
2413,0.0,55,10,0.0,0.0,1.0,1.0,28330,28602,0.00017855480560453172,-8.630436398922464,28815
2414,0.0,40,11,0.0,0.0,1.0,1.0,28409,12532,0.0007401688176340726,-7.207891822968441,13299
2415,0.0,48,8,0.0,0.0,1.0,1.0,28409,26317,8.58261267937038e-05,-9.363101259928342,28076
2416,0.0,36,10,0.0,1.0,1.0,1.0,28409,28645,0.002046439956871115,-6.189605065108802,39159
2417,0.0,46,9,1.0,0.0,1.0,1.0,28605,32225,0.006104925280002271,-5.092535774113174,41376
2418,0.0,46,10,0.0,0.0,1.0,1.0,28765,19514,0.00017855480560453172,-8.630436398922464,25676
2419,0.0,45,9,1.0,0.0,1.0,1.0,28863,26854,0.0054656558736095795,-5.203790503864746,36943
2420,0.0,49,7,0.0,0.0,1.0,1.0,29247,20767,8.04207213882984e-05,-9.428158262320204,21341
2421,0.0,37,10,0.0,0.0,1.0,1.0,29369,27750,0.00017855480560453172,-8.630436398922464,39898
2422,0.0,48,9,0.0,0.0,1.0,1.0,29389,19693,0.0006119600951573157,-7.398231334149972,23052
2423,0.0,37,11,1.0,0.0,1.0,1.0,29389,21483,0.0023218041491271223,-6.063086241315795,13063
2424,0.0,28,10,0.0,0.0,1.0,1.0,29389,23274,0.0007202351526730195,-7.235212303695284,22904
2425,0.0,36,11,1.0,0.0,0.0,1.0,29389,25982,0.01655040185184206,-4.084656006475046,45809
2426,0.0,40,11,0.0,0.0,1.0,1.0,29389,26407,0.00012140307396918457,-9.016272948217303,31032
2427,0.0,44,10,0.0,0.0,1.0,1.0,29389,26854,0.00017855480560453172,-8.630436398922464,23643
2428,0.0,47,10,1.0,0.0,1.0,1.0,29389,26854,0.002334191523668786,-6.057752770361819,0
2429,0.0,47,10,1.0,0.0,1.0,1.0,29389,26854,0.002334191523668786,-6.057752770361819,0
2430,0.0,30,11,0.0,1.0,1.0,1.0,29389,26854,0.003425873596018456,-5.672967019922227,36943
2431,0.0,33,10,0.0,0.0,1.0,1.0,29389,28645,0.0003933515813653837,-7.840413307982595,36499
2432,0.0,48,9,0.0,0.0,1.0,1.0,29389,32225,0.0006119600951573157,-7.398231334149972,31032
2433,0.0,19,11,1.0,0.0,0.0,1.0,29725,8806,0.044698465141028355,-3.062087869811873,9457
2434,0.0,38,9,0.0,0.0,1.0,1.0,29976,25064,0.0006119600951573157,-7.398231334149972,47287
2435,0.0,42,9,0.0,0.0,0.0,1.0,30368,19693,0.0063851662605685765,-5.047372111965837,35465
2436,0.0,32,10,1.0,0.0,1.0,1.0,30930,35806,0.005502783169150198,-5.1969833047262535,38125
2437,0.0,55,11,0.0,0.0,1.0,1.0,31048,31053,0.00012140307396918457,-9.016272948217303,28076
2438,0.0,37,11,0.0,0.0,1.0,1.0,31250,26854,0.00012140307396918457,-9.016272948217303,36943
2439,0.0,21,10,0.0,0.0,1.0,1.0,31348,10741,0.0021633047886227543,-6.133952583690183,44331
2440,0.0,51,11,1.0,0.0,1.0,1.0,31348,21483,0.0015777148266347023,-6.450198830389623,26007
2441,0.0,52,11,0.0,0.0,1.0,1.0,31348,33120,0.00012140307396918457,-9.016272948217303,28076
2442,0.0,49,8,0.0,0.0,1.0,1.0,31348,37596,8.58261267937038e-05,-9.363101259928342,38420
2443,0.0,48,8,0.0,0.0,1.0,1.0,31510,35795,8.58261267937038e-05,-9.363101259928342,28076
2444,0.0,48,8,0.0,0.0,1.0,1.0,31510,35795,8.58261267937038e-05,-9.363101259928342,28076
2445,0.0,55,7,1.0,0.0,1.0,1.0,32504,26854,0.002128416068263247,-6.150246521449141,31918
2446,0.0,55,7,1.0,0.0,1.0,1.0,32504,26854,0.002128416068263247,-6.150246521449141,31918
2447,0.0,47,11,0.0,0.0,1.0,1.0,32719,30435,0.00012140307396918457,-9.016272948217303,36943
2448,0.0,51,8,0.0,0.0,1.0,1.0,33111,27750,8.58261267937038e-05,-9.363101259928342,32362
2449,0.0,54,11,0.0,0.0,1.0,1.0,33158,32225,0.00012140307396918457,-9.016272948217303,36943
2450,0.0,42,9,0.0,0.0,1.0,1.0,33221,32225,0.0006119600951573157,-7.398231334149972,33987
2451,0.0,42,9,0.0,0.0,1.0,1.0,33221,32225,0.0006119600951573157,-7.398231334149972,33987
2452,0.0,51,8,1.0,0.0,1.0,1.0,33299,25064,0.0029309601148439913,-5.829489961593057,25121
2453,0.0,32,10,0.0,0.0,1.0,1.0,33307,25064,0.00032668491469871704,-8.026187676917509,29554
2454,0.0,38,8,0.0,0.0,1.0,1.0,33307,35448,8.58261267937038e-05,-9.363101259928342,33987
2455,0.0,42,11,0.0,0.0,1.0,1.0,33307,44758,0.00012140307396918457,-9.016272948217303,54675
2456,0.0,49,8,0.0,0.0,1.0,1.0,33699,28645,8.58261267937038e-05,-9.363101259928342,2955
2457,0.0,35,7,0.0,0.0,1.0,1.0,34091,28287,0.003563753703265275,-5.6333707595885905,25121
2458,0.0,46,11,0.0,0.0,1.0,1.0,34287,30077,0.00012140307396918457,-9.016272948217303,39898
2459,0.0,46,11,0.0,0.0,1.0,1.0,34287,30077,0.00012140307396918457,-9.016272948217303,39898
2460,0.0,31,11,0.0,0.0,1.0,1.0,34483,35806,0.00026953318306336993,-8.218549477431242,36943
2461,0.0,52,10,0.0,0.0,1.0,1.0,35266,17187,0.00017855480560453172,-8.630436398922464,39159
2462,0.0,51,8,1.0,0.0,1.0,1.0,35266,25064,0.0029309601148439913,-5.829489961593057,1182
2463,0.0,51,9,0.0,0.0,0.0,1.0,35266,32225,0.0046347389101412265,-5.3695298990032505,39898
2464,0.0,52,8,1.0,0.0,1.0,1.0,35266,33120,0.0029309601148439913,-5.829489961593057,44147
2465,0.0,48,10,0.0,0.0,1.0,1.0,35266,34911,0.00017855480560453172,-8.630436398922464,38568
2466,0.0,31,10,0.0,0.0,1.0,1.0,35266,35806,0.00032668491469871704,-8.026187676917509,44331
2467,0.0,42,11,0.0,0.0,1.0,1.0,35266,44758,0.00012140307396918457,-9.016272948217303,38420
2468,0.0,50,11,0.0,0.0,1.0,1.0,36205,38563,0.00012140307396918457,-9.016272948217303,31032
2469,0.0,50,11,0.0,0.0,1.0,1.0,36205,38563,0.00012140307396918457,-9.016272948217303,31032
2470,0.0,37,10,0.0,0.0,1.0,1.0,36246,17545,0.00017855480560453172,-8.630436398922464,17732
2471,0.0,37,10,0.0,0.0,1.0,1.0,36246,17545,0.00017855480560453172,-8.630436398922464,17732
2472,0.0,55,11,0.0,0.0,1.0,1.0,36638,37417,0.00012140307396918457,-9.016272948217303,32177
2473,0.0,50,11,0.0,0.0,1.0,1.0,36677,46548,0.00012140307396918457,-9.016272948217303,47287
2474,0.0,41,8,1.0,0.0,1.0,1.0,36691,32888,0.0031624467469659238,-5.753241806124965,42262
2475,0.0,49,8,0.0,0.0,1.0,1.0,37226,14322,8.58261267937038e-05,-9.363101259928342,23643
2476,0.0,48,8,1.0,0.0,1.0,1.0,37226,26854,0.0029309601148439913,-5.829489961593057,30569
2477,0.0,48,8,1.0,0.0,1.0,1.0,37226,26854,0.0029309601148439913,-5.829489961593057,30569
2478,0.0,46,11,0.0,0.0,1.0,1.0,39185,39387,0.00012140307396918457,-9.016272948217303,35465
2479,0.0,29,10,0.0,0.0,1.0,1.0,41144,8951,0.0017876731744821755,-6.325051134290504,31032
2480,0.0,55,8,0.0,0.0,1.0,1.0,43025,37972,8.58261267937038e-05,-9.363101259928342,51580
2481,0.0,32,10,0.0,0.0,1.0,1.0,43103,39387,0.00032668491469871704,-8.026187676917509,36943
2482,0.0,47,8,0.0,0.0,1.0,1.0,44667,33837,8.58261267937038e-05,-9.363101259928342,38568
2483,0.0,32,8,0.0,0.0,1.0,1.0,47022,67137,0.0006255155201876452,-7.376308704678219,59109
2484,0.0,47,10,0.0,0.0,1.0,1.0,48197,47968,0.00017855480560453172,-8.630436398922464,55710
2485,0.0,40,8,0.0,0.0,1.0,1.0,50940,55500,8.58261267937038e-05,-9.363101259928342,53198
